#Layer_Color=9474304
#
#Feature symbol names
#
$0 r6.6666
$1 r5

#
#Feature attribute names
#

#
#Layer features
#
A 0.11252 0.0925196 0.11252 0.0925196 0.09252 0.0925196 0 P 0 N
A 0.11252 3.0570876 0.11252 3.0570876 0.09252 3.0570876 0 P 0 N
A 3.077086 0.0925196 3.077086 0.0925196 3.057086 0.0925196 0 P 0 N
A 3.077086 3.0570876 3.077086 3.0570876 3.057086 3.0570876 0 P 0 N
L 0.003622 0.2309933 0.023622 0.2109933 1 P 0
L 0.003622 0.2309933 0.023622 0.2509933 1 P 0
L 0.003622 0.3294294 0.023622 0.3094294 1 P 0
L 0.003622 0.3294294 0.023622 0.3494294 1 P 0
L 0.003622 0.4278655 0.023622 0.4078655 1 P 0
L 0.003622 0.4278655 0.023622 0.4478655 1 P 0
L 0.003622 0.5263016 0.023622 0.5063016 1 P 0
L 0.003622 0.5263016 0.023622 0.5463016 1 P 0
L 0.003622 0.6247377 0.023622 0.6047377 1 P 0
L 0.003622 0.6247377 0.023622 0.6447377 1 P 0
L 0.003622 0.7231738 0.023622 0.7031738 1 P 0
L 0.003622 0.7231738 0.023622 0.7431738 1 P 0
L 0.003622 0.8216099 0.023622 0.8016099 1 P 0
L 0.003622 0.8216099 0.023622 0.8416099 1 P 0
L 0.003622 0.920046 0.023622 0.900046 1 P 0
L 0.003622 0.920046 0.023622 0.940046 1 P 0
L 0.003622 1.0184821 0.023622 0.9984821 1 P 0
L 0.003622 1.0184821 0.023622 1.0384821 1 P 0
L 0.003622 1.1169182 0.023622 1.0969182 1 P 0
L 0.003622 1.1169182 0.023622 1.1369182 1 P 0
L 0.003622 1.2153543 0.023622 1.1953543 1 P 0
L 0.003622 1.2153543 0.023622 1.2353543 1 P 0
L 0.003622 1.3137904 0.023622 1.2937904 1 P 0
L 0.003622 1.3137904 0.023622 1.3337904 1 P 0
L 0.003622 2.2637795 0.023622 2.2437795 1 P 0
L 0.003622 2.2637795 0.023622 2.2837795 1 P 0
L 0.003622 2.3622047 0.023622 2.3422047 1 P 0
L 0.003622 2.3622047 0.023622 2.3822047 1 P 0
L 0.003622 2.4606299 0.023622 2.4406299 1 P 0
L 0.003622 2.4606299 0.023622 2.4806299 1 P 0
L 0.003622 2.5590551 0.023622 2.5390551 1 P 0
L 0.003622 2.5590551 0.023622 2.5790551 1 P 0
L 0.003622 2.6574803 0.023622 2.6374803 1 P 0
L 0.003622 2.6574803 0.023622 2.6774803 1 P 0
L 0.003622 2.7559055 0.023622 2.7359055 1 P 0
L 0.003622 2.7559055 0.023622 2.7759055 1 P 0
L 0.003622 2.8543307 0.023622 2.8343307 1 P 0
L 0.003622 2.8543307 0.023622 2.8743307 1 P 0
L 0.003622 2.9527559 0.023622 2.9327559 1 P 0
L 0.003622 2.9527559 0.023622 2.9727559 1 P 0
L 0.0193701 2.2283465 0.0393701 2.2083465 1 P 0
L 0.0193701 2.2283465 0.0393701 2.2483465 1 P 0
L 0.023622 0.2109933 0.043622 0.2309933 1 P 0
L 0.023622 0.2509933 0.043622 0.2309933 1 P 0
L 0.023622 0.3094294 0.043622 0.3294294 1 P 0
L 0.023622 0.3494294 0.043622 0.3294294 1 P 0
L 0.023622 0.4078655 0.043622 0.4278655 1 P 0
L 0.023622 0.4478655 0.043622 0.4278655 1 P 0
L 0.023622 0.5063016 0.043622 0.5263016 1 P 0
L 0.023622 0.5463016 0.043622 0.5263016 1 P 0
L 0.023622 0.6047377 0.043622 0.6247377 1 P 0
L 0.023622 0.6447377 0.043622 0.6247377 1 P 0
L 0.023622 0.7031738 0.043622 0.7231738 1 P 0
L 0.023622 0.7431738 0.043622 0.7231738 1 P 0
L 0.023622 0.8016099 0.043622 0.8216099 1 P 0
L 0.023622 0.8416099 0.043622 0.8216099 1 P 0
L 0.023622 0.900046 0.043622 0.920046 1 P 0
L 0.023622 0.940046 0.043622 0.920046 1 P 0
L 0.023622 0.9984821 0.043622 1.0184821 1 P 0
L 0.023622 1.0384821 0.043622 1.0184821 1 P 0
L 0.023622 1.0969182 0.043622 1.1169182 1 P 0
L 0.023622 1.1369182 0.043622 1.1169182 1 P 0
L 0.023622 1.1953543 0.043622 1.2153543 1 P 0
L 0.023622 1.2353543 0.043622 1.2153543 1 P 0
L 0.023622 1.2937904 0.043622 1.3137904 1 P 0
L 0.023622 1.3337904 0.043622 1.3137904 1 P 0
L 0.023622 2.2437795 0.043622 2.2637795 1 P 0
L 0.023622 2.2837795 0.043622 2.2637795 1 P 0
L 0.023622 2.3422047 0.043622 2.3622047 1 P 0
L 0.023622 2.3822047 0.043622 2.3622047 1 P 0
L 0.023622 2.4406299 0.043622 2.4606299 1 P 0
L 0.023622 2.4806299 0.043622 2.4606299 1 P 0
L 0.023622 2.5390551 0.043622 2.5590551 1 P 0
L 0.023622 2.5790551 0.043622 2.5590551 1 P 0
L 0.023622 2.6374803 0.043622 2.6574803 1 P 0
L 0.023622 2.6774803 0.043622 2.6574803 1 P 0
L 0.023622 2.7359055 0.043622 2.7559055 1 P 0
L 0.023622 2.7759055 0.043622 2.7559055 1 P 0
L 0.023622 2.8343307 0.043622 2.8543307 1 P 0
L 0.023622 2.8743307 0.043622 2.8543307 1 P 0
L 0.023622 2.9327559 0.043622 2.9527559 1 P 0
L 0.023622 2.9727559 0.043622 2.9527559 1 P 0
L 0.0390551 1.3137904 0.0590551 1.2937904 1 P 0
L 0.0390551 1.3137904 0.0590551 1.3337904 1 P 0
L 0.0393701 2.2083465 0.0593701 2.2283465 1 P 0
L 0.0393701 2.2483465 0.0593701 2.2283465 1 P 0
L 0.0590551 1.2937904 0.0790551 1.3137904 1 P 0
L 0.0590551 1.3337904 0.0790551 1.3137904 1 P 0
L 0.0645038 2.4495232 0.0845038 2.4295232 1 P 0
L 0.0645038 2.4495232 0.0845038 2.4695232 1 P 0
L 0.076 2.6016856 0.096 2.5816856 1 P 0
L 0.076 2.6016856 0.096 2.6216856 1 P 0
L 0.0845038 2.4295232 0.1045038 2.4495232 1 P 0
L 0.0845038 2.4695232 0.1045038 2.4495232 1 P 0
L 0.096 2.5816856 0.116 2.6016856 1 P 0
L 0.096 2.6216856 0.116 2.6016856 1 P 0
L 0.1133862 2.352 0.1333862 2.332 1 P 0
L 0.1133862 2.352 0.1333862 2.372 1 P 0
L 0.1140078 2.4026928 0.1340078 2.3826928 1 P 0
L 0.1140078 2.4026928 0.1340078 2.4226928 1 P 0
L 0.1177953 2.2283465 0.1377953 2.2083465 1 P 0
L 0.1177953 2.2283465 0.1377953 2.2483465 1 P 0
L 0.1333862 2.332 0.1533862 2.352 1 P 0
L 0.1333862 2.372 0.1533862 2.352 1 P 0
L 0.1340078 2.3826928 0.1540078 2.4026928 1 P 0
L 0.1340078 2.4226928 0.1540078 2.4026928 1 P 0
L 0.1374803 1.3137904 0.1574803 1.2937904 1 P 0
L 0.1374803 1.3137904 0.1574803 1.3337904 1 P 0
L 0.1377953 2.2083465 0.1577953 2.2283465 1 P 0
L 0.1377953 2.2483465 0.1577953 2.2283465 1 P 0
L 0.138 2.8530832 0.158 2.8330832 1 P 0
L 0.138 2.8530832 0.158 2.8730832 1 P 0
L 0.1574803 1.2937904 0.1774803 1.3137904 1 P 0
L 0.1574803 1.3337904 0.1774803 1.3137904 1 P 0
L 0.158 2.8330832 0.178 2.8530832 1 P 0
L 0.158 2.8730832 0.178 2.8530832 1 P 0
L 0.1585666 2.352 0.1785666 2.332 1 P 0
L 0.1585666 2.352 0.1785666 2.372 1 P 0
L 0.1585666 2.4026928 0.1785666 2.3826928 1 P 0
L 0.1585666 2.4026928 0.1785666 2.4226928 1 P 0
L 0.1785666 2.332 0.1985666 2.352 1 P 0
L 0.1785666 2.372 0.1985666 2.352 1 P 0
L 0.1785666 2.3826928 0.1985666 2.4026928 1 P 0
L 0.1785666 2.4226928 0.1985666 2.4026928 1 P 0
L 0.2025 3.0570876 0.2225 3.0370876 1 P 0
L 0.2025 3.0570876 0.2225 3.0770876 1 P 0
L 0.2106773 2.352 0.2306773 2.332 1 P 0
L 0.2106773 2.352 0.2306773 2.372 1 P 0
L 0.212 0.565 0.232 0.545 1 P 0
L 0.212 0.565 0.232 0.585 1 P 0
L 0.2162205 2.2283465 0.2362205 2.2083465 1 P 0
L 0.2162205 2.2283465 0.2362205 2.2483465 1 P 0
L 0.2225 3.0370876 0.2425 3.0570876 1 P 0
L 0.2225 3.0770876 0.2425 3.0570876 1 P 0
L 0.2306773 2.332 0.2506773 2.352 1 P 0
L 0.2306773 2.372 0.2506773 2.352 1 P 0
L 0.232 0.545 0.252 0.565 1 P 0
L 0.232 0.585 0.252 0.565 1 P 0
L 0.2359055 1.3137904 0.2559055 1.2937904 1 P 0
L 0.2359055 1.3137904 0.2559055 1.3337904 1 P 0
L 0.2362205 2.2083465 0.2562205 2.2283465 1 P 0
L 0.2362205 2.2483465 0.2562205 2.2283465 1 P 0
L 0.2364958 2.77958 0.2564958 2.75958 1 P 0
L 0.2364958 2.77958 0.2564958 2.79958 1 P 0
L 0.246495 2.7154018 0.266495 2.6954018 1 P 0
L 0.246495 2.7154018 0.266495 2.7354018 1 P 0
L 0.2559055 1.2937904 0.2759055 1.3137904 1 P 0
L 0.2559055 1.3337904 0.2759055 1.3137904 1 P 0
L 0.2563159 2.2047244 0.2763159 2.1847244 1 P 0
L 0.2563159 2.2047244 0.2763159 2.2247244 1 P 0
L 0.2564958 2.75958 0.2764958 2.77958 1 P 0
L 0.2564958 2.79958 0.2764958 2.77958 1 P 0
L 0.2566909 2.1062992 0.2766909 2.0862992 1 P 0
L 0.2566909 2.1062992 0.2766909 2.1262992 1 P 0
L 0.2570659 2.007874 0.2770659 1.987874 1 P 0
L 0.2570659 2.007874 0.2770659 2.027874 1 P 0
L 0.2574409 1.9094488 0.2774409 1.8894488 1 P 0
L 0.2574409 1.9094488 0.2774409 1.9294488 1 P 0
L 0.2578159 1.8110236 0.2778159 1.7910236 1 P 0
L 0.2578159 1.8110236 0.2778159 1.8310236 1 P 0
L 0.2581909 1.7125984 0.2781909 1.6925984 1 P 0
L 0.2581909 1.7125984 0.2781909 1.7325984 1 P 0
L 0.2585659 1.6141732 0.2785659 1.5941732 1 P 0
L 0.2585659 1.6141732 0.2785659 1.6341732 1 P 0
L 0.2589409 1.515748 0.2789409 1.495748 1 P 0
L 0.2589409 1.515748 0.2789409 1.535748 1 P 0
L 0.2593159 1.4173228 0.2793159 1.3973228 1 P 0
L 0.2593159 1.4173228 0.2793159 1.4373228 1 P 0
L 0.266495 2.6954018 0.286495 2.7154018 1 P 0
L 0.266495 2.7354018 0.286495 2.7154018 1 P 0
L 0.267 2.5029842 0.287 2.4829842 1 P 0
L 0.267 2.5029842 0.287 2.5229842 1 P 0
L 0.2763159 2.1847244 0.2963159 2.2047244 1 P 0
L 0.2763159 2.2247244 0.2963159 2.2047244 1 P 0
L 0.2766909 2.0862992 0.2966909 2.1062992 1 P 0
L 0.2766909 2.1262992 0.2966909 2.1062992 1 P 0
L 0.2770659 1.987874 0.2970659 2.007874 1 P 0
L 0.2770659 2.027874 0.2970659 2.007874 1 P 0
L 0.2774409 1.8894488 0.2974409 1.9094488 1 P 0
L 0.2774409 1.9294488 0.2974409 1.9094488 1 P 0
L 0.2778159 1.7910236 0.2978159 1.8110236 1 P 0
L 0.2778159 1.8310236 0.2978159 1.8110236 1 P 0
L 0.2781909 1.6925984 0.2981909 1.7125984 1 P 0
L 0.2781909 1.7325984 0.2981909 1.7125984 1 P 0
L 0.2785659 1.5941732 0.2985659 1.6141732 1 P 0
L 0.2785659 1.6341732 0.2985659 1.6141732 1 P 0
L 0.2789409 1.495748 0.2989409 1.515748 1 P 0
L 0.2789409 1.535748 0.2989409 1.515748 1 P 0
L 0.2793159 1.3973228 0.2993159 1.4173228 1 P 0
L 0.2793159 1.4373228 0.2993159 1.4173228 1 P 0
L 0.287 2.4829842 0.307 2.5029842 1 P 0
L 0.287 2.5229842 0.307 2.5029842 1 P 0
L 0.289 2.6839048 0.309 2.6639048 1 P 0
L 0.289 2.6839048 0.309 2.7039048 1 P 0
L 0.289001 2.6446859 0.309001 2.6246859 1 P 0
L 0.289001 2.6446859 0.309001 2.6646859 1 P 0
L 0.2974958 2.8083396 0.3174958 2.7883396 1 P 0
L 0.2974958 2.8083396 0.3174958 2.8283396 1 P 0
L 0.2974958 2.8693204 0.3174958 2.8493204 1 P 0
L 0.2974958 2.8693204 0.3174958 2.8893204 1 P 0
L 0.2974958 2.9209996 0.3174958 2.9009996 1 P 0
L 0.2974958 2.9209996 0.3174958 2.9409996 1 P 0
L 0.30065 2.0741798 0.32065 2.0541798 1 P 0
L 0.30065 2.0741798 0.32065 2.0941798 1 P 0
L 0.3006508 2.5983742 0.3206508 2.5783742 1 P 0
L 0.3006508 2.5983742 0.3206508 2.6183742 1 P 0
L 0.3017375 1.549 0.3217375 1.529 1 P 0
L 0.3017375 1.549 0.3217375 1.569 1 P 0
L 0.309 2.6639048 0.329 2.6839048 1 P 0
L 0.309 2.7039048 0.329 2.6839048 1 P 0
L 0.309001 2.6246859 0.329001 2.6446859 1 P 0
L 0.309001 2.6646859 0.329001 2.6446859 1 P 0
L 0.311 1.216022 0.331 1.196022 1 P 0
L 0.311 1.216022 0.331 1.236022 1 P 0
L 0.3174958 2.7883396 0.3374958 2.8083396 1 P 0
L 0.3174958 2.8283396 0.3374958 2.8083396 1 P 0
L 0.3174958 2.8493204 0.3374958 2.8693204 1 P 0
L 0.3174958 2.8893204 0.3374958 2.8693204 1 P 0
L 0.3174958 2.9009996 0.3374958 2.9209996 1 P 0
L 0.3174958 2.9409996 0.3374958 2.9209996 1 P 0
L 0.32065 2.0541798 0.34065 2.0741798 1 P 0
L 0.32065 2.0941798 0.34065 2.0741798 1 P 0
L 0.3206508 2.5783742 0.3406508 2.5983742 1 P 0
L 0.3206508 2.6183742 0.3406508 2.5983742 1 P 0
L 0.3217375 1.529 0.3417375 1.549 1 P 0
L 0.3217375 1.569 0.3417375 1.549 1 P 0
L 0.331 1.196022 0.351 1.216022 1 P 0
L 0.331 1.236022 0.351 1.216022 1 P 0
L 0.335 2.838 0.355 2.818 1 P 0
L 0.335 2.838 0.355 2.858 1 P 0
L 0.355 2.818 0.375 2.838 1 P 0
L 0.355 2.858 0.375 2.838 1 P 0
L 0.395166 2.5416776 0.415166 2.5216776 1 P 0
L 0.395166 2.5416776 0.415166 2.5616776 1 P 0
L 0.395166 2.5771096 0.415166 2.5571096 1 P 0
L 0.395166 2.5771096 0.415166 2.5971096 1 P 0
L 0.395166 2.6125436 0.415166 2.5925436 1 P 0
L 0.395166 2.6125436 0.415166 2.6325436 1 P 0
L 0.407 0.585 0.427 0.565 1 P 0
L 0.407 0.585 0.427 0.605 1 P 0
L 0.411 1.068 0.431 1.048 1 P 0
L 0.411 1.068 0.431 1.088 1 P 0
L 0.415166 2.5216776 0.435166 2.5416776 1 P 0
L 0.415166 2.5571096 0.435166 2.5771096 1 P 0
L 0.415166 2.5616776 0.435166 2.5416776 1 P 0
L 0.415166 2.5925436 0.435166 2.6125436 1 P 0
L 0.415166 2.5971096 0.435166 2.5771096 1 P 0
L 0.415166 2.6325436 0.435166 2.6125436 1 P 0
L 0.4234722 0.7485116 0.4434722 0.7285116 1 P 0
L 0.4234722 0.7485116 0.4434722 0.7685116 1 P 0
L 0.427 0.565 0.447 0.585 1 P 0
L 0.427 0.605 0.447 0.585 1 P 0
L 0.431 1.048 0.451 1.068 1 P 0
L 0.431 1.088 0.451 1.068 1 P 0
L 0.434536 2.5416776 0.454536 2.5216776 1 P 0
L 0.434536 2.5416776 0.454536 2.5616776 1 P 0
L 0.434536 2.5771096 0.454536 2.5571096 1 P 0
L 0.434536 2.5771096 0.454536 2.5971096 1 P 0
L 0.434536 2.6125436 0.454536 2.5925436 1 P 0
L 0.434536 2.6125436 0.454536 2.6325436 1 P 0
L 0.4434722 0.7285116 0.4634722 0.7485116 1 P 0
L 0.4434722 0.7685116 0.4634722 0.7485116 1 P 0
L 0.449402 2.9202167 0.469402 2.9002167 1 P 0
L 0.449402 2.9202167 0.469402 2.9402167 1 P 0
L 0.4541266 1.4196428 0.4741266 1.3996428 1 P 0
L 0.4541266 1.4196428 0.4741266 1.4396428 1 P 0
L 0.454536 2.5216776 0.474536 2.5416776 1 P 0
L 0.454536 2.5571096 0.474536 2.5771096 1 P 0
L 0.454536 2.5616776 0.474536 2.5416776 1 P 0
L 0.454536 2.5925436 0.474536 2.6125436 1 P 0
L 0.454536 2.5971096 0.474536 2.5771096 1 P 0
L 0.454536 2.6325436 0.474536 2.6125436 1 P 0
L 0.469402 2.9002167 0.489402 2.9202167 1 P 0
L 0.469402 2.9402167 0.489402 2.9202167 1 P 0
L 0.4741266 1.3996428 0.4941266 1.4196428 1 P 0
L 0.4741266 1.4396428 0.4941266 1.4196428 1 P 0
L 0.4865977 2.815139 0.5065977 2.795139 1 P 0
L 0.4865977 2.815139 0.5065977 2.835139 1 P 0
L 0.489626 2.9188039 0.509626 2.8988039 1 P 0
L 0.489626 2.9188039 0.509626 2.9388039 1 P 0
L 0.4925982 0.274 0.5125982 0.254 1 P 0
L 0.4925982 0.274 0.5125982 0.294 1 P 0
L 0.5065977 2.795139 0.5265977 2.815139 1 P 0
L 0.5065977 2.835139 0.5265977 2.815139 1 P 0
L 0.509626 2.8988039 0.529626 2.9188039 1 P 0
L 0.509626 2.9388039 0.529626 2.9188039 1 P 0
L 0.5101336 2.6316214 0.5301336 2.6116214 1 P 0
L 0.5101336 2.6316214 0.5301336 2.6516214 1 P 0
L 0.5125982 0.254 0.5325982 0.274 1 P 0
L 0.5125982 0.294 0.5325982 0.274 1 P 0
L 0.5165982 0.6275358 0.5365982 0.6075358 1 P 0
L 0.5165982 0.6275358 0.5365982 0.6475358 1 P 0
L 0.518 2.5673303 0.538 2.5473303 1 P 0
L 0.518 2.5673303 0.538 2.5873303 1 P 0
L 0.5184523 2.5244828 0.5384523 2.5044828 1 P 0
L 0.5184523 2.5244828 0.5384523 2.5444828 1 P 0
L 0.5301336 2.6116214 0.5501336 2.6316214 1 P 0
L 0.5301336 2.6516214 0.5501336 2.6316214 1 P 0
L 0.5365982 0.6075358 0.5565982 0.6275358 1 P 0
L 0.5365982 0.6475358 0.5565982 0.6275358 1 P 0
L 0.538 2.5473303 0.558 2.5673303 1 P 0
L 0.538 2.5873303 0.558 2.5673303 1 P 0
L 0.5384523 2.5044828 0.5584523 2.5244828 1 P 0
L 0.5384523 2.5444828 0.5584523 2.5244828 1 P 0
L 0.54163 2.9209996 0.56163 2.9009996 1 P 0
L 0.54163 2.9209996 0.56163 2.9409996 1 P 0
L 0.544 0.421 0.564 0.401 1 P 0
L 0.544 0.421 0.564 0.441 1 P 0
L 0.5599998 2.7948896 0.5799998 2.7748896 1 P 0
L 0.5599998 2.7948896 0.5799998 2.8148896 1 P 0
L 0.5610421 1.339 0.5810421 1.319 1 P 0
L 0.5610421 1.339 0.5810421 1.359 1 P 0
L 0.56163 2.9009996 0.58163 2.9209996 1 P 0
L 0.56163 2.9409996 0.58163 2.9209996 1 P 0
L 0.564 0.401 0.584 0.421 1 P 0
L 0.564 0.441 0.584 0.421 1 P 0
L 0.5649998 0.7485116 0.5849998 0.7285116 1 P 0
L 0.5649998 0.7485116 0.5849998 0.7685116 1 P 0
L 0.5731256 2.6655036 0.5931256 2.6455036 1 P 0
L 0.5731256 2.6655036 0.5931256 2.6855036 1 P 0
L 0.5799998 2.7748896 0.5999998 2.7948896 1 P 0
L 0.5799998 2.8148896 0.5999998 2.7948896 1 P 0
L 0.5810421 1.319 0.6010421 1.339 1 P 0
L 0.5810421 1.359 0.6010421 1.339 1 P 0
L 0.5849998 0.7285116 0.6049998 0.7485116 1 P 0
L 0.5849998 0.7685116 0.6049998 0.7485116 1 P 0
L 0.5931256 2.6455036 0.6131256 2.6655036 1 P 0
L 0.5931256 2.6855036 0.6131256 2.6655036 1 P 0
L 0.6149752 1.7268736 0.6349752 1.7068736 1 P 0
L 0.6149752 1.7268736 0.6349752 1.7468736 1 P 0
L 0.623679 2.2760008 0.643679 2.2560008 1 P 0
L 0.623679 2.2760008 0.643679 2.2960008 1 P 0
L 0.6313572 1.339 0.6513572 1.319 1 P 0
L 0.6313572 1.339 0.6513572 1.359 1 P 0
L 0.631358 2.075 0.651358 2.055 1 P 0
L 0.631358 2.075 0.651358 2.095 1 P 0
L 0.6326736 2.7412436 0.6526736 2.7212436 1 P 0
L 0.6326736 2.7412436 0.6526736 2.7612436 1 P 0
L 0.6349752 1.7068736 0.6549752 1.7268736 1 P 0
L 0.6349752 1.7468736 0.6549752 1.7268736 1 P 0
L 0.637 3.063 0.657 3.043 1 P 0
L 0.637 3.063 0.657 3.083 1 P 0
L 0.643679 2.2560008 0.663679 2.2760008 1 P 0
L 0.643679 2.2960008 0.663679 2.2760008 1 P 0
L 0.6513572 1.319 0.6713572 1.339 1 P 0
L 0.6513572 1.359 0.6713572 1.339 1 P 0
L 0.651358 2.055 0.671358 2.075 1 P 0
L 0.651358 2.095 0.671358 2.075 1 P 0
L 0.6526736 2.7212436 0.6726736 2.7412436 1 P 0
L 0.6526736 2.7612436 0.6726736 2.7412436 1 P 0
L 0.657 3.043 0.677 3.063 1 P 0
L 0.657 3.083 0.677 3.063 1 P 0
L 0.658 2.634 0.678 2.614 1 P 0
L 0.658 2.634 0.678 2.654 1 P 0
L 0.678 2.614 0.698 2.634 1 P 0
L 0.678 2.654 0.698 2.634 1 P 0
L 0.6783338 2.075 0.6983338 2.055 1 P 0
L 0.6783338 2.075 0.6983338 2.095 1 P 0
L 0.678602 1.4672682 0.698602 1.4472682 1 P 0
L 0.678602 1.4672682 0.698602 1.4872682 1 P 0
L 0.6835032 2.634 0.7035032 2.614 1 P 0
L 0.6835032 2.634 0.7035032 2.654 1 P 0
L 0.6835032 2.8667107 0.7035032 2.8467107 1 P 0
L 0.6835032 2.8667107 0.7035032 2.8867107 1 P 0
L 0.6983338 2.055 0.7183338 2.075 1 P 0
L 0.6983338 2.095 0.7183338 2.075 1 P 0
L 0.698602 1.4472682 0.718602 1.4672682 1 P 0
L 0.698602 1.4872682 0.718602 1.4672682 1 P 0
L 0.7035032 2.614 0.7235032 2.634 1 P 0
L 0.7035032 2.654 0.7235032 2.634 1 P 0
L 0.7035032 2.8467107 0.7235032 2.8667107 1 P 0
L 0.7035032 2.8867107 0.7235032 2.8667107 1 P 0
L 0.7254217 1.4672682 0.7454217 1.4472682 1 P 0
L 0.7254217 1.4672682 0.7454217 1.4872682 1 P 0
L 0.7254217 2.0763687 0.7454217 2.0563687 1 P 0
L 0.7254217 2.0763687 0.7454217 2.0963687 1 P 0
L 0.7265042 2.5044065 0.7465042 2.4844065 1 P 0
L 0.7265042 2.5044065 0.7465042 2.5244065 1 P 0
L 0.7265042 2.7104018 0.7465042 2.6904018 1 P 0
L 0.7265042 2.7104018 0.7465042 2.7304018 1 P 0
L 0.732 0.528 0.752 0.508 1 P 0
L 0.732 0.528 0.752 0.548 1 P 0
L 0.7410902 0.7469996 0.7610902 0.7269996 1 P 0
L 0.7410902 0.7469996 0.7610902 0.7669996 1 P 0
L 0.7454217 1.4472682 0.7654217 1.4672682 1 P 0
L 0.7454217 1.4872682 0.7654217 1.4672682 1 P 0
L 0.7454217 2.0563687 0.7654217 2.0763687 1 P 0
L 0.7454217 2.0963687 0.7654217 2.0763687 1 P 0
L 0.7465042 2.4844065 0.7665042 2.5044065 1 P 0
L 0.7465042 2.5244065 0.7665042 2.5044065 1 P 0
L 0.7465042 2.6904018 0.7665042 2.7104018 1 P 0
L 0.7465042 2.7304018 0.7665042 2.7104018 1 P 0
L 0.752 0.508 0.772 0.528 1 P 0
L 0.752 0.548 0.772 0.528 1 P 0
L 0.7610902 0.7269996 0.7810902 0.7469996 1 P 0
L 0.7610902 0.7669996 0.7810902 0.7469996 1 P 0
L 0.7636067 1.339 0.7836067 1.319 1 P 0
L 0.7636067 1.339 0.7836067 1.359 1 P 0
L 0.7836067 1.319 0.8036067 1.339 1 P 0
L 0.7836067 1.359 0.8036067 1.339 1 P 0
L 0.789546 1.06474 0.809546 1.04474 1 P 0
L 0.789546 1.06474 0.809546 1.08474 1 P 0
L 0.796682 2.893 0.816682 2.873 1 P 0
L 0.796682 2.893 0.816682 2.913 1 P 0
L 0.806524 2.6871492 0.826524 2.6671492 1 P 0
L 0.806524 2.6871492 0.826524 2.7071492 1 P 0
L 0.806524 2.7265192 0.826524 2.7065192 1 P 0
L 0.806524 2.7265192 0.826524 2.7465192 1 P 0
L 0.809546 1.04474 0.829546 1.06474 1 P 0
L 0.809546 1.08474 0.829546 1.06474 1 P 0
L 0.816682 2.873 0.836682 2.893 1 P 0
L 0.816682 2.913 0.836682 2.893 1 P 0
L 0.8203342 1.339 0.8403342 1.319 1 P 0
L 0.8203342 1.339 0.8403342 1.359 1 P 0
L 0.82621 2.7068332 0.84621 2.6868332 1 P 0
L 0.82621 2.7068332 0.84621 2.7268332 1 P 0
L 0.826524 2.6671492 0.846524 2.6871492 1 P 0
L 0.826524 2.7065192 0.846524 2.7265192 1 P 0
L 0.826524 2.7071492 0.846524 2.6871492 1 P 0
L 0.826524 2.7465192 0.846524 2.7265192 1 P 0
L 0.8403342 1.319 0.8603342 1.339 1 P 0
L 0.8403342 1.359 0.8603342 1.339 1 P 0
L 0.845894 2.4600058 0.865894 2.4400058 1 P 0
L 0.845894 2.4600058 0.865894 2.4800058 1 P 0
L 0.845894 2.6871492 0.865894 2.6671492 1 P 0
L 0.845894 2.6871492 0.865894 2.7071492 1 P 0
L 0.845894 2.7265192 0.865894 2.7065192 1 P 0
L 0.845894 2.7265192 0.865894 2.7465192 1 P 0
L 0.84621 2.6868332 0.86621 2.7068332 1 P 0
L 0.84621 2.7268332 0.86621 2.7068332 1 P 0
L 0.8549992 1.06474 0.8749992 1.04474 1 P 0
L 0.8549992 1.06474 0.8749992 1.08474 1 P 0
L 0.86 2.9874016 0.87 2.9874016 1 P 0
L 0.86 2.9874016 0.87 2.9974016 1 P 0
L 0.86 3.0074016 0.87 2.9974016 1 P 0
L 0.86 3.0074016 0.87 3.0074016 1 P 0
L 0.865894 2.4400058 0.885894 2.4600058 1 P 0
L 0.865894 2.4800058 0.885894 2.4600058 1 P 0
L 0.865894 2.6671492 0.885894 2.6871492 1 P 0
L 0.865894 2.7065192 0.885894 2.7265192 1 P 0
L 0.865894 2.7071492 0.885894 2.6871492 1 P 0
L 0.865894 2.7465192 0.885894 2.7265192 1 P 0
L 0.867578 2.075 0.887578 2.055 1 P 0
L 0.867578 2.075 0.887578 2.095 1 P 0
L 0.867578 2.4600058 0.887578 2.4400058 1 P 0
L 0.867578 2.4600058 0.887578 2.4800058 1 P 0
L 0.87 2.9874016 0.88 2.9774016 1 P 0
L 0.87 3.0074016 0.88 3.0174016 1 P 0
L 0.8749992 1.04474 0.8949992 1.06474 1 P 0
L 0.8749992 1.08474 0.8949992 1.06474 1 P 0
L 0.8783092 1.2419188 0.8983092 1.2219188 1 P 0
L 0.8783092 1.2419188 0.8983092 1.2619188 1 P 0
L 0.88 2.9774016 0.89 2.9874016 1 P 0
L 0.88 3.0174016 0.89 3.0074016 1 P 0
L 0.882618 0.7469998 0.902618 0.7269998 1 P 0
L 0.882618 0.7469998 0.902618 0.7669998 1 P 0
L 0.88428 2.6487632 0.90428 2.6287632 1 P 0
L 0.88428 2.6487632 0.90428 2.6687632 1 P 0
L 0.886 1.321 0.906 1.301 1 P 0
L 0.886 1.321 0.906 1.341 1 P 0
L 0.887578 2.055 0.907578 2.075 1 P 0
L 0.887578 2.095 0.907578 2.075 1 P 0
L 0.887578 2.4400058 0.907578 2.4600058 1 P 0
L 0.887578 2.4800058 0.907578 2.4600058 1 P 0
L 0.89 2.9874016 0.9 2.9874016 1 P 0
L 0.89 2.9974016 0.9 2.9874016 1 P 0
L 0.89 2.9974016 0.9 3.0074016 1 P 0
L 0.89 3.0074016 0.9 3.0074016 1 P 0
L 0.8983092 1.2219188 0.9183092 1.2419188 1 P 0
L 0.8983092 1.2619188 0.9183092 1.2419188 1 P 0
L 0.902618 0.7269998 0.922618 0.7469998 1 P 0
L 0.902618 0.7669998 0.922618 0.7469998 1 P 0
L 0.90428 2.6287632 0.92428 2.6487632 1 P 0
L 0.90428 2.6687632 0.92428 2.6487632 1 P 0
L 0.906 1.301 0.926 1.321 1 P 0
L 0.906 1.341 0.926 1.321 1 P 0
L 0.914822 2.0743075 0.934822 2.0543075 1 P 0
L 0.914822 2.0743075 0.934822 2.0943075 1 P 0
L 0.922843 2.5635653 0.942843 2.5435653 1 P 0
L 0.922843 2.5635653 0.942843 2.5835653 1 P 0
L 0.922843 2.5989364 0.942843 2.5789364 1 P 0
L 0.922843 2.5989364 0.942843 2.6189364 1 P 0
L 0.923 2.6871492 0.943 2.6671492 1 P 0
L 0.923 2.6871492 0.943 2.7071492 1 P 0
L 0.923 2.7366752 0.943 2.7166752 1 P 0
L 0.923 2.7366752 0.943 2.7566752 1 P 0
L 0.934822 2.0543075 0.954822 2.0743075 1 P 0
L 0.934822 2.0943075 0.954822 2.0743075 1 P 0
L 0.942843 2.5435653 0.962843 2.5635653 1 P 0
L 0.942843 2.5789364 0.962843 2.5989364 1 P 0
L 0.942843 2.5835653 0.962843 2.5635653 1 P 0
L 0.942843 2.6189364 0.962843 2.5989364 1 P 0
L 0.943 2.6671492 0.963 2.6871492 1 P 0
L 0.943 2.7071492 0.963 2.6871492 1 P 0
L 0.943 2.7166752 0.963 2.7366752 1 P 0
L 0.943 2.7566752 0.963 2.7366752 1 P 0
L 0.951 2.83 0.971 2.81 1 P 0
L 0.951 2.83 0.971 2.85 1 P 0
L 0.9578844 2.2759113 0.9778844 2.2559113 1 P 0
L 0.9578844 2.2759113 0.9778844 2.2959113 1 P 0
L 0.96 2.9874016 0.97 2.9874016 1 P 0
L 0.96 2.9874016 0.97 2.9974016 1 P 0
L 0.96 3.0074016 0.97 2.9974016 1 P 0
L 0.96 3.0074016 0.97 3.0074016 1 P 0
L 0.962066 2.0743075 0.982066 2.0543075 1 P 0
L 0.962066 2.0743075 0.982066 2.0943075 1 P 0
L 0.97 2.9874016 0.98 2.9774016 1 P 0
L 0.97 3.0074016 0.98 3.0174016 1 P 0
L 0.971 2.81 0.991 2.83 1 P 0
L 0.971 2.85 0.991 2.83 1 P 0
L 0.9778844 2.2559113 0.9978844 2.2759113 1 P 0
L 0.9778844 2.2959113 0.9978844 2.2759113 1 P 0
L 0.98 2.9774016 0.99 2.9874016 1 P 0
L 0.98 3.0174016 0.99 3.0074016 1 P 0
L 0.982066 2.0543075 1.002066 2.0743075 1 P 0
L 0.982066 2.0943075 1.002066 2.0743075 1 P 0
L 0.99 2.9874016 1 2.9874016 1 P 0
L 0.99 2.9974016 1 2.9874016 1 P 0
L 0.99 2.9974016 1 3.0074016 1 P 0
L 0.99 3.0074016 1 3.0074016 1 P 0
L 1.0090008 0.5760008 1.0290008 0.5560008 1 P 0
L 1.0090008 0.5760008 1.0290008 0.5960008 1 P 0
L 1.0090008 0.8595278 1.0290008 0.8395278 1 P 0
L 1.0090008 0.8595278 1.0290008 0.8795278 1 P 0
L 1.0290008 0.5560008 1.0490008 0.5760008 1 P 0
L 1.0290008 0.5960008 1.0490008 0.5760008 1 P 0
L 1.0290008 0.8395278 1.0490008 0.8595278 1 P 0
L 1.0290008 0.8795278 1.0490008 0.8595278 1 P 0
L 1.055129 2.5896433 1.075129 2.5696433 1 P 0
L 1.055129 2.5896433 1.075129 2.6096433 1 P 0
L 1.056556 1.4672682 1.076556 1.4472682 1 P 0
L 1.056556 1.4672682 1.076556 1.4872682 1 P 0
L 1.06 2.9874016 1.07 2.9874016 1 P 0
L 1.06 2.9874016 1.07 2.9974016 1 P 0
L 1.06 3.0074016 1.07 2.9974016 1 P 0
L 1.06 3.0074016 1.07 3.0074016 1 P 0
L 1.07 2.9874016 1.08 2.9774016 1 P 0
L 1.07 3.0074016 1.08 3.0174016 1 P 0
L 1.075129 2.5696433 1.095129 2.5896433 1 P 0
L 1.075129 2.6096433 1.095129 2.5896433 1 P 0
L 1.076556 1.4472682 1.096556 1.4672682 1 P 0
L 1.076556 1.4872682 1.096556 1.4672682 1 P 0
L 1.08 2.9774016 1.09 2.9874016 1 P 0
L 1.08 3.0174016 1.09 3.0074016 1 P 0
L 1.09 2.9874016 1.1 2.9874016 1 P 0
L 1.09 2.9974016 1.1 2.9874016 1 P 0
L 1.09 2.9974016 1.1 3.0074016 1 P 0
L 1.09 3.0074016 1.1 3.0074016 1 P 0
L 1.1109998 1.8046696 1.1309998 1.7846696 1 P 0
L 1.1109998 1.8046696 1.1309998 1.8246696 1 P 0
L 1.1109998 2.1753463 1.1309998 2.1553463 1 P 0
L 1.1109998 2.1753463 1.1309998 2.1953463 1 P 0
L 1.1192472 1.056 1.1392472 1.036 1 P 0
L 1.1192472 1.056 1.1392472 1.076 1 P 0
L 1.1309998 1.7846696 1.1509998 1.8046696 1 P 0
L 1.1309998 1.8246696 1.1509998 1.8046696 1 P 0
L 1.1309998 2.1553463 1.1509998 2.1753463 1 P 0
L 1.1309998 2.1953463 1.1509998 2.1753463 1 P 0
L 1.1392472 1.036 1.1592472 1.056 1 P 0
L 1.1392472 1.076 1.1592472 1.056 1 P 0
L 1.151044 2.0741798 1.171044 2.0541798 1 P 0
L 1.151044 2.0741798 1.171044 2.0941798 1 P 0
L 1.1709602 0.3610008 1.1809602 0.3810008 1 P 0
L 1.1709602 0.3610008 1.1909602 0.3710008 1 P 0
L 1.1709602 0.4010008 1.1809602 0.3810008 1 P 0
L 1.1709602 0.4010008 1.1909602 0.3910008 1 P 0
L 1.171044 2.0541798 1.191044 2.0741798 1 P 0
L 1.171044 2.0941798 1.191044 2.0741798 1 P 0
L 1.1718642 1.355474 1.1918642 1.335474 1 P 0
L 1.1718642 1.355474 1.1918642 1.375474 1 P 0
L 1.1909602 0.3710008 1.2109602 0.3610008 1 P 0
L 1.1909602 0.3910008 1.2109602 0.4010008 1 P 0
L 1.1918642 1.335474 1.2118642 1.355474 1 P 0
L 1.1918642 1.375474 1.2118642 1.355474 1 P 0
L 1.192 2.47 1.212 2.45 1 P 0
L 1.192 2.47 1.212 2.49 1 P 0
L 1.193 0.873 1.213 0.853 1 P 0
L 1.193 0.873 1.213 0.893 1 P 0
L 1.198288 1.549 1.218288 1.529 1 P 0
L 1.198288 1.549 1.218288 1.569 1 P 0
L 1.198288 2.0741798 1.218288 2.0541798 1 P 0
L 1.198288 2.0741798 1.218288 2.0941798 1 P 0
L 1.2009602 0.3810008 1.2109602 0.3610008 1 P 0
L 1.2009602 0.3810008 1.2109602 0.4010008 1 P 0
L 1.2112146 2.2717915 1.2312146 2.2517915 1 P 0
L 1.2112146 2.2717915 1.2312146 2.2917915 1 P 0
L 1.2112146 2.363362 1.2312146 2.343362 1 P 0
L 1.2112146 2.363362 1.2312146 2.383362 1 P 0
L 1.212 2.45 1.232 2.47 1 P 0
L 1.212 2.49 1.232 2.47 1 P 0
L 1.213 0.853 1.233 0.873 1 P 0
L 1.213 0.893 1.233 0.873 1 P 0
L 1.215 1.1005202 1.235 1.0805202 1 P 0
L 1.215 1.1005202 1.235 1.1205202 1 P 0
L 1.215 1.2375264 1.235 1.2175264 1 P 0
L 1.215 1.2375264 1.235 1.2575264 1 P 0
L 1.218288 1.529 1.238288 1.549 1 P 0
L 1.218288 1.569 1.238288 1.549 1 P 0
L 1.218288 2.0541798 1.238288 2.0741798 1 P 0
L 1.218288 2.0941798 1.238288 2.0741798 1 P 0
L 1.2312146 2.2517915 1.2512146 2.2717915 1 P 0
L 1.2312146 2.2917915 1.2512146 2.2717915 1 P 0
L 1.2312146 2.343362 1.2512146 2.363362 1 P 0
L 1.2312146 2.383362 1.2512146 2.363362 1 P 0
L 1.235 1.0805202 1.255 1.1005202 1 P 0
L 1.235 1.1205202 1.255 1.1005202 1 P 0
L 1.235 1.2175264 1.255 1.2375264 1 P 0
L 1.235 1.2575264 1.255 1.2375264 1 P 0
L 1.2575742 0.0854088 1.2575742 0.0954088 1 P 0
L 1.2575742 0.0854088 1.2675742 0.0854088 1 P 0
L 1.2575742 0.0954088 1.2675742 0.1054088 1 P 0
L 1.2575742 0.1154088 1.2575742 0.1254088 1 P 0
L 1.2575742 0.1154088 1.2675742 0.1054088 1 P 0
L 1.2575742 0.1254088 1.2675742 0.1254088 1 P 0
L 1.2575742 0.6562748 1.2575742 0.6662748 1 P 0
L 1.2575742 0.6562748 1.2675742 0.6562748 1 P 0
L 1.2575742 0.6662748 1.2675742 0.6762748 1 P 0
L 1.2575742 0.6862748 1.2575742 0.6962748 1 P 0
L 1.2575742 0.6862748 1.2675742 0.6762748 1 P 0
L 1.2575742 0.6962748 1.2675742 0.6962748 1 P 0
L 1.2588002 2.162 1.2788002 2.142 1 P 0
L 1.2588002 2.162 1.2788002 2.182 1 P 0
L 1.2588002 2.2380674 1.2788002 2.2180674 1 P 0
L 1.2588002 2.2380674 1.2788002 2.2580674 1 P 0
L 1.2675742 0.0854088 1.2775742 0.0954088 1 P 0
L 1.2675742 0.1254088 1.2775742 0.1154088 1 P 0
L 1.2675742 0.6562748 1.2775742 0.6662748 1 P 0
L 1.2675742 0.6962748 1.2775742 0.6862748 1 P 0
L 1.2775742 0.0954088 1.2875742 0.0854088 1 P 0
L 1.2775742 0.1154088 1.2875742 0.1254088 1 P 0
L 1.2775742 0.6662748 1.2875742 0.6562748 1 P 0
L 1.2775742 0.6862748 1.2875742 0.6962748 1 P 0
L 1.2788002 2.142 1.2988002 2.162 1 P 0
L 1.2788002 2.182 1.2988002 2.162 1 P 0
L 1.2788002 2.2180674 1.2988002 2.2380674 1 P 0
L 1.2788002 2.2580674 1.2988002 2.2380674 1 P 0
L 1.2875742 0.0854088 1.2975742 0.0854088 1 P 0
L 1.2875742 0.1054088 1.2975742 0.0954088 1 P 0
L 1.2875742 0.1054088 1.2975742 0.1154088 1 P 0
L 1.2875742 0.1254088 1.2975742 0.1254088 1 P 0
L 1.2875742 0.6562748 1.2975742 0.6562748 1 P 0
L 1.2875742 0.6762748 1.2975742 0.6662748 1 P 0
L 1.2875742 0.6762748 1.2975742 0.6862748 1 P 0
L 1.2875742 0.6962748 1.2975742 0.6962748 1 P 0
L 1.2975742 0.0854088 1.2975742 0.0954088 1 P 0
L 1.2975742 0.1154088 1.2975742 0.1254088 1 P 0
L 1.2975742 0.6562748 1.2975742 0.6662748 1 P 0
L 1.2975742 0.6862748 1.2975742 0.6962748 1 P 0
L 1.302 2.2717915 1.322 2.2517915 1 P 0
L 1.302 2.2717915 1.322 2.2917915 1 P 0
L 1.3124481 1.58252 1.3324481 1.56252 1 P 0
L 1.3124481 1.58252 1.3324481 1.60252 1 P 0
L 1.322 2.2517915 1.342 2.2717915 1 P 0
L 1.322 2.2917915 1.342 2.2717915 1 P 0
L 1.3270606 1.4842898 1.3470606 1.4642898 1 P 0
L 1.3270606 1.4842898 1.3470606 1.5042898 1 P 0
L 1.3324481 1.56252 1.3524481 1.58252 1 P 0
L 1.3324481 1.60252 1.3524481 1.58252 1 P 0
L 1.334245 1.7268736 1.354245 1.7068736 1 P 0
L 1.334245 1.7268736 1.354245 1.7468736 1 P 0
L 1.338 2.054 1.358 2.034 1 P 0
L 1.338 2.054 1.358 2.074 1 P 0
L 1.3470606 1.4642898 1.3670606 1.4842898 1 P 0
L 1.3470606 1.5042898 1.3670606 1.4842898 1 P 0
L 1.354245 1.7068736 1.374245 1.7268736 1 P 0
L 1.354245 1.7468736 1.374245 1.7268736 1 P 0
L 1.3545392 1.4170014 1.3745392 1.3970014 1 P 0
L 1.3545392 1.4170014 1.3745392 1.4370014 1 P 0
L 1.3560002 0.6562748 1.3560002 0.6662748 1 P 0
L 1.3560002 0.6562748 1.3660002 0.6562748 1 P 0
L 1.3560002 0.6662748 1.3660002 0.6762748 1 P 0
L 1.3560002 0.6862748 1.3560002 0.6962748 1 P 0
L 1.3560002 0.6862748 1.3660002 0.6762748 1 P 0
L 1.3560002 0.6962748 1.3660002 0.6962748 1 P 0
L 1.358 2.034 1.378 2.054 1 P 0
L 1.358 2.074 1.378 2.054 1 P 0
L 1.3660002 0.6562748 1.3760002 0.6662748 1 P 0
L 1.3660002 0.6962748 1.3760002 0.6862748 1 P 0
L 1.372 1.835 1.392 1.815 1 P 0
L 1.372 1.835 1.392 1.855 1 P 0
L 1.3745392 1.3970014 1.3945392 1.4170014 1 P 0
L 1.3745392 1.4370014 1.3945392 1.4170014 1 P 0
L 1.3760002 0.6662748 1.3860002 0.6562748 1 P 0
L 1.3760002 0.6862748 1.3860002 0.6962748 1 P 0
L 1.3860002 0.6562748 1.3960002 0.6562748 1 P 0
L 1.3860002 0.6762748 1.3960002 0.6662748 1 P 0
L 1.3860002 0.6762748 1.3960002 0.6862748 1 P 0
L 1.3860002 0.6962748 1.3960002 0.6962748 1 P 0
L 1.392 1.815 1.412 1.835 1 P 0
L 1.392 1.855 1.412 1.835 1 P 0
L 1.3960002 0.6562748 1.3960002 0.6662748 1 P 0
L 1.3960002 0.6862748 1.3960002 0.6962748 1 P 0
L 1.399 1.4842906 1.419 1.4642906 1 P 0
L 1.399 1.4842906 1.419 1.5042906 1 P 0
L 1.419 1.4642906 1.439 1.4842906 1 P 0
L 1.419 1.5042906 1.439 1.4842906 1 P 0
L 1.4544242 0.0854088 1.4544242 0.0954088 1 P 0
L 1.4544242 0.0854088 1.4644242 0.0854088 1 P 0
L 1.4544242 0.0954088 1.4644242 0.1054088 1 P 0
L 1.4544242 0.1154088 1.4544242 0.1254088 1 P 0
L 1.4544242 0.1154088 1.4644242 0.1054088 1 P 0
L 1.4544242 0.1254088 1.4644242 0.1254088 1 P 0
L 1.4544242 0.6562748 1.4544242 0.6662748 1 P 0
L 1.4544242 0.6562748 1.4644242 0.6562748 1 P 0
L 1.4544242 0.6662748 1.4644242 0.6762748 1 P 0
L 1.4544242 0.6862748 1.4544242 0.6962748 1 P 0
L 1.4544242 0.6862748 1.4644242 0.6762748 1 P 0
L 1.4544242 0.6962748 1.4644242 0.6962748 1 P 0
L 1.4544242 2.2717915 1.4744242 2.2517915 1 P 0
L 1.4544242 2.2717915 1.4744242 2.2917915 1 P 0
L 1.4644242 0.0854088 1.4744242 0.0954088 1 P 0
L 1.4644242 0.1254088 1.4744242 0.1154088 1 P 0
L 1.4644242 0.6562748 1.4744242 0.6662748 1 P 0
L 1.4644242 0.6962748 1.4744242 0.6862748 1 P 0
L 1.4744242 0.0954088 1.4844242 0.0854088 1 P 0
L 1.4744242 0.1154088 1.4844242 0.1254088 1 P 0
L 1.4744242 0.6662748 1.4844242 0.6562748 1 P 0
L 1.4744242 0.6862748 1.4844242 0.6962748 1 P 0
L 1.4744242 2.2517915 1.4944242 2.2717915 1 P 0
L 1.4744242 2.2917915 1.4944242 2.2717915 1 P 0
L 1.4796938 1.0564476 1.4996938 1.0364476 1 P 0
L 1.4796938 1.0564476 1.4996938 1.0764476 1 P 0
L 1.48061 2.9209996 1.50061 2.9009996 1 P 0
L 1.48061 2.9209996 1.50061 2.9409996 1 P 0
L 1.48061 3.0259668 1.50061 3.0059668 1 P 0
L 1.48061 3.0259668 1.50061 3.0459668 1 P 0
L 1.4844242 0.0854088 1.4944242 0.0854088 1 P 0
L 1.4844242 0.1054088 1.4944242 0.0954088 1 P 0
L 1.4844242 0.1054088 1.4944242 0.1154088 1 P 0
L 1.4844242 0.1254088 1.4944242 0.1254088 1 P 0
L 1.4844242 0.6562748 1.4944242 0.6562748 1 P 0
L 1.4844242 0.6762748 1.4944242 0.6662748 1 P 0
L 1.4844242 0.6762748 1.4944242 0.6862748 1 P 0
L 1.4844242 0.6962748 1.4944242 0.6962748 1 P 0
L 1.4944242 0.0854088 1.4944242 0.0954088 1 P 0
L 1.4944242 0.1154088 1.4944242 0.1254088 1 P 0
L 1.4944242 0.6562748 1.4944242 0.6662748 1 P 0
L 1.4944242 0.6862748 1.4944242 0.6962748 1 P 0
L 1.4996938 1.0364476 1.5196938 1.0564476 1 P 0
L 1.4996938 1.0764476 1.5196938 1.0564476 1 P 0
L 1.50061 2.9009996 1.52061 2.9209996 1 P 0
L 1.50061 2.9409996 1.52061 2.9209996 1 P 0
L 1.50061 3.0059668 1.52061 3.0259668 1 P 0
L 1.50061 3.0459668 1.52061 3.0259668 1 P 0
L 1.503342 2.032576 1.523342 2.012576 1 P 0
L 1.503342 2.032576 1.523342 2.052576 1 P 0
L 1.5134952 1.3725048 1.5334952 1.3525048 1 P 0
L 1.5134952 1.3725048 1.5334952 1.3925048 1 P 0
L 1.523342 2.012576 1.543342 2.032576 1 P 0
L 1.523342 2.052576 1.543342 2.032576 1 P 0
L 1.524 2.691 1.544 2.671 1 P 0
L 1.524 2.691 1.544 2.711 1 P 0
L 1.527 1.533 1.547 1.493 1 P 0
L 1.527 1.533 1.567 1.533 1 P 0
L 1.527 1.583 1.547 1.543 1 P 0
L 1.527 1.583 1.567 1.583 1 P 0
L 1.5334952 1.3525048 1.5534952 1.3725048 1 P 0
L 1.5334952 1.3925048 1.5534952 1.3725048 1 P 0
L 1.537 2.921 1.557 2.901 1 P 0
L 1.537 2.921 1.557 2.941 1 P 0
L 1.5410382 0.3610008 1.5510382 0.3810008 1 P 0
L 1.5410382 0.3610008 1.5610382 0.3710008 1 P 0
L 1.5410382 0.4010008 1.5510382 0.3810008 1 P 0
L 1.5410382 0.4010008 1.5610382 0.3910008 1 P 0
L 1.544 2.671 1.564 2.691 1 P 0
L 1.544 2.711 1.564 2.691 1 P 0
L 1.547 1.493 1.567 1.533 1 P 0
L 1.547 1.543 1.567 1.583 1 P 0
L 1.557 2.901 1.577 2.921 1 P 0
L 1.557 2.941 1.577 2.921 1 P 0
L 1.5610382 0.3710008 1.5810382 0.3610008 1 P 0
L 1.5610382 0.3910008 1.5810382 0.4010008 1 P 0
L 1.5625649 1.2375264 1.5825649 1.2175264 1 P 0
L 1.5625649 1.2375264 1.5825649 1.2575264 1 P 0
L 1.5710382 0.3810008 1.5810382 0.3610008 1 P 0
L 1.5710382 0.3810008 1.5810382 0.4010008 1 P 0
L 1.577 1.533 1.597 1.493 1 P 0
L 1.577 1.533 1.617 1.533 1 P 0
L 1.577 1.583 1.597 1.543 1 P 0
L 1.577 1.583 1.617 1.583 1 P 0
L 1.5784722 1.0985032 1.5984722 1.0785032 1 P 0
L 1.5784722 1.0985032 1.5984722 1.1185032 1 P 0
L 1.5825649 1.2175264 1.6025649 1.2375264 1 P 0
L 1.5825649 1.2575264 1.6025649 1.2375264 1 P 0
L 1.5904112 1.7268736 1.6104112 1.7068736 1 P 0
L 1.5904112 1.7268736 1.6104112 1.7468736 1 P 0
L 1.597 1.493 1.617 1.533 1 P 0
L 1.597 1.543 1.617 1.583 1 P 0
L 1.5984722 1.0785032 1.6184722 1.0985032 1 P 0
L 1.5984722 1.1185032 1.6184722 1.0985032 1 P 0
L 1.608 0.29 1.628 0.27 1 P 0
L 1.608 0.29 1.628 0.31 1 P 0
L 1.608 0.517 1.628 0.497 1 P 0
L 1.608 0.517 1.628 0.537 1 P 0
L 1.6104112 1.7068736 1.6304112 1.7268736 1 P 0
L 1.6104112 1.7468736 1.6304112 1.7268736 1 P 0
L 1.620768 3.034018 1.640768 3.014018 1 P 0
L 1.620768 3.034018 1.640768 3.054018 1 P 0
L 1.627 1.533 1.647 1.493 1 P 0
L 1.627 1.533 1.667 1.533 1 P 0
L 1.627 1.583 1.647 1.543 1 P 0
L 1.627 1.583 1.667 1.583 1 P 0
L 1.628 0.27 1.648 0.29 1 P 0
L 1.628 0.31 1.648 0.29 1 P 0
L 1.628 0.497 1.648 0.517 1 P 0
L 1.628 0.537 1.648 0.517 1 P 0
L 1.640768 3.014018 1.660768 3.034018 1 P 0
L 1.640768 3.054018 1.660768 3.034018 1 P 0
L 1.647 1.493 1.667 1.533 1 P 0
L 1.647 1.543 1.667 1.583 1 P 0
L 1.6516424 2.8576852 1.6716424 2.8376852 1 P 0
L 1.6516424 2.8576852 1.6716424 2.8776852 1 P 0
L 1.664074 2.9758678 1.684074 2.9558678 1 P 0
L 1.664074 2.9758678 1.684074 2.9958678 1 P 0
L 1.6716424 2.8376852 1.6916424 2.8576852 1 P 0
L 1.6716424 2.8776852 1.6916424 2.8576852 1 P 0
L 1.677 1.533 1.697 1.493 1 P 0
L 1.677 1.533 1.717 1.533 1 P 0
L 1.677 1.583 1.697 1.543 1 P 0
L 1.677 1.583 1.717 1.583 1 P 0
L 1.684074 2.9558678 1.704074 2.9758678 1 P 0
L 1.684074 2.9958678 1.704074 2.9758678 1 P 0
L 1.697 1.493 1.717 1.533 1 P 0
L 1.697 1.543 1.717 1.583 1 P 0
L 1.704 2.9035048 1.724 2.8835048 1 P 0
L 1.704 2.9035048 1.724 2.9235048 1 P 0
L 1.71 0.587 1.73 0.567 1 P 0
L 1.71 0.587 1.73 0.607 1 P 0
L 1.71 0.842685 1.73 0.822685 1 P 0
L 1.71 0.842685 1.73 0.862685 1 P 0
L 1.71 1.017 1.73 0.997 1 P 0
L 1.71 1.017 1.73 1.037 1 P 0
L 1.724 2.8835048 1.744 2.9035048 1 P 0
L 1.724 2.9235048 1.744 2.9035048 1 P 0
L 1.727 1.533 1.747 1.493 1 P 0
L 1.727 1.533 1.767 1.533 1 P 0
L 1.727 1.583 1.747 1.543 1 P 0
L 1.727 1.583 1.767 1.583 1 P 0
L 1.73 0.567 1.75 0.587 1 P 0
L 1.73 0.607 1.75 0.587 1 P 0
L 1.73 0.822685 1.75 0.842685 1 P 0
L 1.73 0.862685 1.75 0.842685 1 P 0
L 1.73 0.997 1.75 1.017 1 P 0
L 1.73 1.037 1.75 1.017 1 P 0
L 1.73469 1.9863924 1.75469 1.9663924 1 P 0
L 1.73469 1.9863924 1.75469 2.0063924 1 P 0
L 1.73469 2.0456986 1.75469 2.0256986 1 P 0
L 1.73469 2.0456986 1.75469 2.0656986 1 P 0
L 1.747 1.493 1.767 1.533 1 P 0
L 1.747 1.543 1.767 1.583 1 P 0
L 1.7475074 2.8576852 1.7675074 2.8376852 1 P 0
L 1.7475074 2.8576852 1.7675074 2.8776852 1 P 0
L 1.75069 3.008543 1.77069 2.988543 1 P 0
L 1.75069 3.008543 1.77069 3.028543 1 P 0
L 1.75469 1.9663924 1.77469 1.9863924 1 P 0
L 1.75469 2.0063924 1.77469 1.9863924 1 P 0
L 1.75469 2.0256986 1.77469 2.0456986 1 P 0
L 1.75469 2.0656986 1.77469 2.0456986 1 P 0
L 1.7675074 2.8376852 1.7875074 2.8576852 1 P 0
L 1.7675074 2.8776852 1.7875074 2.8576852 1 P 0
L 1.77069 2.988543 1.79069 3.008543 1 P 0
L 1.77069 3.028543 1.79069 3.008543 1 P 0
L 1.7878778 1.786478 1.8078778 1.766478 1 P 0
L 1.7878778 1.786478 1.8078778 1.806478 1 P 0
L 1.796 3.036 1.816 3.016 1 P 0
L 1.796 3.036 1.816 3.056 1 P 0
L 1.8078778 1.766478 1.8278778 1.786478 1 P 0
L 1.8078778 1.806478 1.8278778 1.786478 1 P 0
L 1.816 3.016 1.836 3.036 1 P 0
L 1.816 3.056 1.836 3.036 1 P 0
L 1.8220234 0.9273146 1.8420234 0.9073146 1 P 0
L 1.8220234 0.9273146 1.8420234 0.9473146 1 P 0
L 1.837304 3.036 1.857304 3.016 1 P 0
L 1.837304 3.036 1.857304 3.056 1 P 0
L 1.8420234 0.9073146 1.8620234 0.9273146 1 P 0
L 1.8420234 0.9473146 1.8620234 0.9273146 1 P 0
L 1.856 0.102 1.876 0.082 1 P 0
L 1.856 0.102 1.876 0.122 1 P 0
L 1.857304 3.016 1.877304 3.036 1 P 0
L 1.857304 3.056 1.877304 3.036 1 P 0
L 1.876 0.082 1.896 0.102 1 P 0
L 1.876 0.122 1.896 0.102 1 P 0
L 1.8799986 3.041543 1.8999986 3.021543 1 P 0
L 1.8799986 3.041543 1.8999986 3.061543 1 P 0
L 1.8999986 3.021543 1.9199986 3.041543 1 P 0
L 1.8999986 3.061543 1.9199986 3.041543 1 P 0
L 1.9375898 2.4132026 1.9575898 2.3932026 1 P 0
L 1.9375898 2.4132026 1.9575898 2.4332026 1 P 0
L 1.9389994 2.472552 1.9589994 2.452552 1 P 0
L 1.9389994 2.472552 1.9589994 2.492552 1 P 0
L 1.9389994 2.9614968 1.9589994 2.9414968 1 P 0
L 1.9389994 2.9614968 1.9589994 2.9814968 1 P 0
L 1.9575898 2.3932026 1.9775898 2.4132026 1 P 0
L 1.9575898 2.4332026 1.9775898 2.4132026 1 P 0
L 1.9589994 2.452552 1.9789994 2.472552 1 P 0
L 1.9589994 2.492552 1.9789994 2.472552 1 P 0
L 1.9589994 2.9414968 1.9789994 2.9614968 1 P 0
L 1.9589994 2.9814968 1.9789994 2.9614968 1 P 0
L 1.9627091 2.335826 1.9827091 2.315826 1 P 0
L 1.9627091 2.335826 1.9827091 2.355826 1 P 0
L 1.9627091 2.3633506 1.9827091 2.3433506 1 P 0
L 1.9627091 2.3633506 1.9827091 2.3833506 1 P 0
L 1.9627091 2.387006 1.9827091 2.367006 1 P 0
L 1.9627091 2.387006 1.9827091 2.407006 1 P 0
L 1.9827091 2.315826 2.0027091 2.335826 1 P 0
L 1.9827091 2.3433506 2.0027091 2.3633506 1 P 0
L 1.9827091 2.355826 2.0027091 2.335826 1 P 0
L 1.9827091 2.367006 2.0027091 2.387006 1 P 0
L 1.9827091 2.3833506 2.0027091 2.3633506 1 P 0
L 1.9827091 2.407006 2.0027091 2.387006 1 P 0
L 1.9902473 1.786478 2.0102473 1.766478 1 P 0
L 1.9902473 1.786478 2.0102473 1.806478 1 P 0
L 1.9932073 1.86 2.0132073 1.84 1 P 0
L 1.9932073 1.86 2.0132073 1.88 1 P 0
L 2.0102473 1.766478 2.0302473 1.786478 1 P 0
L 2.0102473 1.806478 2.0302473 1.786478 1 P 0
L 2.0132073 1.84 2.0332073 1.86 1 P 0
L 2.0132073 1.88 2.0332073 1.86 1 P 0
L 2.037 2.032576 2.057 2.012576 1 P 0
L 2.037 2.032576 2.057 2.052576 1 P 0
L 2.057 2.012576 2.077 2.032576 1 P 0
L 2.057 2.052576 2.077 2.032576 1 P 0
L 2.057 2.204999 2.077 2.184999 1 P 0
L 2.057 2.204999 2.077 2.224999 1 P 0
L 2.075 0.423 2.095 0.403 1 P 0
L 2.075 0.423 2.095 0.443 1 P 0
L 2.077 2.184999 2.097 2.204999 1 P 0
L 2.077 2.224999 2.097 2.204999 1 P 0
L 2.09263 2.277754 2.11263 2.257754 1 P 0
L 2.09263 2.277754 2.11263 2.297754 1 P 0
L 2.09263 2.325 2.11263 2.305 1 P 0
L 2.09263 2.325 2.11263 2.345 1 P 0
L 2.09263 2.372244 2.11263 2.352244 1 P 0
L 2.09263 2.372244 2.11263 2.392244 1 P 0
L 2.09263 2.419488 2.11263 2.399488 1 P 0
L 2.09263 2.419488 2.11263 2.439488 1 P 0
L 2.095 0.403 2.115 0.423 1 P 0
L 2.095 0.443 2.115 0.423 1 P 0
L 2.104 2.489124 2.124 2.469124 1 P 0
L 2.104 2.489124 2.124 2.509124 1 P 0
L 2.104 2.5409346 2.124 2.5209346 1 P 0
L 2.104 2.5409346 2.124 2.5609346 1 P 0
L 2.104 2.5995056 2.124 2.5795056 1 P 0
L 2.104 2.5995056 2.124 2.6195056 1 P 0
L 2.104 2.6515 2.124 2.6315 1 P 0
L 2.104 2.6515 2.124 2.6715 1 P 0
L 2.11263 2.257754 2.13263 2.277754 1 P 0
L 2.11263 2.297754 2.13263 2.277754 1 P 0
L 2.11263 2.305 2.13263 2.325 1 P 0
L 2.11263 2.345 2.13263 2.325 1 P 0
L 2.11263 2.352244 2.13263 2.372244 1 P 0
L 2.11263 2.392244 2.13263 2.372244 1 P 0
L 2.11263 2.399488 2.13263 2.419488 1 P 0
L 2.11263 2.439488 2.13263 2.419488 1 P 0
L 2.124 2.469124 2.144 2.489124 1 P 0
L 2.124 2.509124 2.144 2.489124 1 P 0
L 2.124 2.5209346 2.144 2.5409346 1 P 0
L 2.124 2.5609346 2.144 2.5409346 1 P 0
L 2.124 2.5795056 2.144 2.5995056 1 P 0
L 2.124 2.6195056 2.144 2.5995056 1 P 0
L 2.124 2.6315 2.144 2.6515 1 P 0
L 2.124 2.6715 2.144 2.6515 1 P 0
L 2.132 2.277754 2.152 2.257754 1 P 0
L 2.132 2.277754 2.152 2.297754 1 P 0
L 2.132 2.325 2.152 2.305 1 P 0
L 2.132 2.325 2.152 2.345 1 P 0
L 2.132 2.372244 2.152 2.352244 1 P 0
L 2.132 2.372244 2.152 2.392244 1 P 0
L 2.132 2.419488 2.152 2.399488 1 P 0
L 2.132 2.419488 2.152 2.439488 1 P 0
L 2.152 2.257754 2.172 2.277754 1 P 0
L 2.152 2.297754 2.172 2.277754 1 P 0
L 2.152 2.305 2.172 2.325 1 P 0
L 2.152 2.345 2.172 2.325 1 P 0
L 2.152 2.352244 2.172 2.372244 1 P 0
L 2.152 2.392244 2.172 2.372244 1 P 0
L 2.152 2.399488 2.172 2.419488 1 P 0
L 2.152 2.439488 2.172 2.419488 1 P 0
L 2.154 0.423 2.174 0.403 1 P 0
L 2.154 0.423 2.174 0.443 1 P 0
L 2.1597276 2.5679856 2.1797276 2.5479856 1 P 0
L 2.1597276 2.5679856 2.1797276 2.5879856 1 P 0
L 2.17137 2.277754 2.19137 2.257754 1 P 0
L 2.17137 2.277754 2.19137 2.297754 1 P 0
L 2.17137 2.325 2.19137 2.305 1 P 0
L 2.17137 2.325 2.19137 2.345 1 P 0
L 2.17137 2.372244 2.19137 2.352244 1 P 0
L 2.17137 2.372244 2.19137 2.392244 1 P 0
L 2.17137 2.419488 2.19137 2.399488 1 P 0
L 2.17137 2.419488 2.19137 2.439488 1 P 0
L 2.174 0.403 2.194 0.423 1 P 0
L 2.174 0.443 2.194 0.423 1 P 0
L 2.1797276 2.5479856 2.1997276 2.5679856 1 P 0
L 2.1797276 2.5879856 2.1997276 2.5679856 1 P 0
L 2.19137 2.257754 2.21137 2.277754 1 P 0
L 2.19137 2.297754 2.21137 2.277754 1 P 0
L 2.19137 2.305 2.21137 2.325 1 P 0
L 2.19137 2.345 2.21137 2.325 1 P 0
L 2.19137 2.352244 2.21137 2.372244 1 P 0
L 2.19137 2.392244 2.21137 2.372244 1 P 0
L 2.19137 2.399488 2.21137 2.419488 1 P 0
L 2.19137 2.439488 2.21137 2.419488 1 P 0
L 2.230172 2.566 2.250172 2.546 1 P 0
L 2.230172 2.566 2.250172 2.586 1 P 0
L 2.230172 3.0098332 2.250172 2.9898332 1 P 0
L 2.230172 3.0098332 2.250172 3.0298332 1 P 0
L 2.230172 3.0755716 2.250172 3.0555716 1 P 0
L 2.230172 3.0755716 2.250172 3.0955716 1 P 0
L 2.233 2.9405924 2.253 2.9205924 1 P 0
L 2.233 2.9405924 2.253 2.9605924 1 P 0
L 2.246172 2.4639206 2.266172 2.4439206 1 P 0
L 2.246172 2.4639206 2.266172 2.4839206 1 P 0
L 2.250172 2.546 2.270172 2.566 1 P 0
L 2.250172 2.586 2.270172 2.566 1 P 0
L 2.250172 2.9898332 2.270172 3.0098332 1 P 0
L 2.250172 3.0298332 2.270172 3.0098332 1 P 0
L 2.250172 3.0555716 2.270172 3.0755716 1 P 0
L 2.250172 3.0955716 2.270172 3.0755716 1 P 0
L 2.253 2.9205924 2.273 2.9405924 1 P 0
L 2.253 2.9605924 2.273 2.9405924 1 P 0
L 2.266172 2.4439206 2.286172 2.4639206 1 P 0
L 2.266172 2.4839206 2.286172 2.4639206 1 P 0
L 2.2802486 2.6870126 2.3002486 2.6670126 1 P 0
L 2.2802486 2.6870126 2.3002486 2.7070126 1 P 0
L 2.3002486 2.6670126 2.3202486 2.6870126 1 P 0
L 2.3002486 2.7070126 2.3202486 2.6870126 1 P 0
L 2.3066692 2.259054 2.3266692 2.239054 1 P 0
L 2.3066692 2.259054 2.3266692 2.279054 1 P 0
L 2.308 2.135 2.328 2.115 1 P 0
L 2.308 2.135 2.328 2.155 1 P 0
L 2.311 0.423 2.331 0.403 1 P 0
L 2.311 0.423 2.331 0.443 1 P 0
L 2.3117446 2.6870126 2.3317446 2.6670126 1 P 0
L 2.3117446 2.6870126 2.3317446 2.7070126 1 P 0
L 2.3205226 3.0755716 2.3405226 3.0555716 1 P 0
L 2.3205226 3.0755716 2.3405226 3.0955716 1 P 0
L 2.3229998 2.9405924 2.3429998 2.9205924 1 P 0
L 2.3229998 2.9405924 2.3429998 2.9605924 1 P 0
L 2.3229998 3.0098332 2.3429998 2.9898332 1 P 0
L 2.3229998 3.0098332 2.3429998 3.0298332 1 P 0
L 2.3266692 2.239054 2.3466692 2.259054 1 P 0
L 2.3266692 2.279054 2.3466692 2.259054 1 P 0
L 2.328 2.115 2.348 2.135 1 P 0
L 2.328 2.155 2.348 2.135 1 P 0
L 2.331 0.403 2.351 0.423 1 P 0
L 2.331 0.443 2.351 0.423 1 P 0
L 2.3317446 2.6670126 2.3517446 2.6870126 1 P 0
L 2.3317446 2.7070126 2.3517446 2.6870126 1 P 0
L 2.3405226 3.0555716 2.3605226 3.0755716 1 P 0
L 2.3405226 3.0955716 2.3605226 3.0755716 1 P 0
L 2.3429998 2.9205924 2.3629998 2.9405924 1 P 0
L 2.3429998 2.9605924 2.3629998 2.9405924 1 P 0
L 2.3429998 2.9898332 2.3629998 3.0098332 1 P 0
L 2.3429998 3.0298332 2.3629998 3.0098332 1 P 0
L 2.413 2.188 2.433 2.168 1 P 0
L 2.413 2.188 2.433 2.208 1 P 0
L 2.433 2.168 2.453 2.188 1 P 0
L 2.433 2.208 2.453 2.188 1 P 0
L 2.4641331 2.188 2.4841331 2.168 1 P 0
L 2.4641331 2.188 2.4841331 2.208 1 P 0
L 2.4841331 2.168 2.5041331 2.188 1 P 0
L 2.4841331 2.208 2.5041331 2.188 1 P 0
L 2.504 0.842685 2.524 0.822685 1 P 0
L 2.504 0.842685 2.524 0.862685 1 P 0
L 2.5179992 2.188 2.5379992 2.168 1 P 0
L 2.5179992 2.188 2.5379992 2.208 1 P 0
L 2.524 0.822685 2.544 0.842685 1 P 0
L 2.524 0.862685 2.544 0.842685 1 P 0
L 2.5379992 2.168 2.5579992 2.188 1 P 0
L 2.5379992 2.208 2.5579992 2.188 1 P 0
L 2.5412588 1.6833298 2.5412588 1.7233298 1 P 0
L 2.5412588 1.6833298 2.5812588 1.6833298 1 P 0
L 2.5412588 1.7233298 2.5812588 1.7233298 1 P 0
L 2.557 2.9405924 2.577 2.9205924 1 P 0
L 2.557 2.9405924 2.577 2.9605924 1 P 0
L 2.557 3.073 2.577 3.053 1 P 0
L 2.557 3.073 2.577 3.093 1 P 0
L 2.577 2.9205924 2.597 2.9405924 1 P 0
L 2.577 2.9605924 2.597 2.9405924 1 P 0
L 2.577 3.053 2.597 3.073 1 P 0
L 2.577 3.093 2.597 3.073 1 P 0
L 2.581 2.188 2.601 2.168 1 P 0
L 2.581 2.188 2.601 2.208 1 P 0
L 2.5812588 1.6833298 2.5812588 1.7233298 1 P 0
L 2.601 2.168 2.621 2.188 1 P 0
L 2.601 2.208 2.621 2.188 1 P 0
L 2.604 2.0359998 2.624 2.0159998 1 P 0
L 2.604 2.0359998 2.624 2.0559998 1 P 0
L 2.6200008 1.6833298 2.6200008 1.7233298 1 P 0
L 2.6200008 1.6833298 2.6600008 1.6833298 1 P 0
L 2.6200008 1.7233298 2.6600008 1.7233298 1 P 0
L 2.624 2.0159998 2.644 2.0359998 1 P 0
L 2.624 2.0559998 2.644 2.0359998 1 P 0
L 2.6600008 1.6833298 2.6600008 1.7233298 1 P 0
L 2.6987408 1.6833298 2.6987408 1.7233298 1 P 0
L 2.6987408 1.6833298 2.7387408 1.6833298 1 P 0
L 2.6987408 1.7233298 2.7387408 1.7233298 1 P 0
L 2.709 0.54 2.729 0.52 1 P 0
L 2.709 0.54 2.729 0.56 1 P 0
L 2.7097628 2.2049998 2.7297628 2.1849998 1 P 0
L 2.7097628 2.2049998 2.7297628 2.2249998 1 P 0
L 2.714 0.382 2.734 0.362 1 P 0
L 2.714 0.382 2.734 0.402 1 P 0
L 2.729 0.52 2.749 0.54 1 P 0
L 2.729 0.56 2.749 0.54 1 P 0
L 2.7297628 2.1849998 2.7497628 2.2049998 1 P 0
L 2.7297628 2.2249998 2.7497628 2.2049998 1 P 0
L 2.734 0.362 2.754 0.382 1 P 0
L 2.734 0.402 2.754 0.382 1 P 0
L 2.7387408 1.6833298 2.7387408 1.7233298 1 P 0
L 2.743 0.218 2.763 0.198 1 P 0
L 2.743 0.218 2.763 0.238 1 P 0
L 2.763 0.198 2.783 0.218 1 P 0
L 2.763 0.238 2.783 0.218 1 P 0
L 2.82 0.148 2.84 0.128 1 P 0
L 2.82 0.148 2.84 0.168 1 P 0
L 2.84 0.128 2.86 0.148 1 P 0
L 2.84 0.168 2.86 0.148 1 P 0
L 2.84 2.2319754 2.86 2.2119754 1 P 0
L 2.84 2.2319754 2.86 2.2519754 1 P 0
L 2.86 2.2119754 2.88 2.2319754 1 P 0
L 2.86 2.2519754 2.88 2.2319754 1 P 0
L 2.9074798 2.4233892 2.9274798 2.4033892 1 P 0
L 2.9074798 2.4233892 2.9274798 2.4433892 1 P 0
L 2.9274798 2.4033892 2.9474798 2.4233892 1 P 0
L 2.9274798 2.4433892 2.9474798 2.4233892 1 P 0
L 2.9743308 1.2502598 2.9743308 1.2902598 1 P 0
L 2.9743308 1.2502598 3.0143308 1.2502598 1 P 0
L 2.9743308 1.2902598 3.0143308 1.2902598 1 P 0
L 2.9743308 1.3289998 2.9743308 1.3689998 1 P 0
L 2.9743308 1.3289998 3.0143308 1.3289998 1 P 0
L 2.9743308 1.3689998 3.0143308 1.3689998 1 P 0
L 2.9743308 1.4077398 2.9743308 1.4477398 1 P 0
L 2.9743308 1.4077398 3.0143308 1.4077398 1 P 0
L 2.9743308 1.4477398 3.0143308 1.4477398 1 P 0
L 3.0143308 1.2502598 3.0143308 1.2902598 1 P 0
L 3.0143308 1.3289998 3.0143308 1.3689998 1 P 0
L 3.0143308 1.4077398 3.0143308 1.4477398 1 P 0
L 3.046 2.0359998 3.066 2.0159998 1 P 0
L 3.046 2.0359998 3.066 2.0559998 1 P 0
L 3.066 2.0159998 3.086 2.0359998 1 P 0
L 3.066 2.0559998 3.086 2.0359998 1 P 0
