#Layer_Color=9474304
#
#Feature symbol names
#
$0 r5

#
#Feature attribute names
#

#
#Layer features
#
L 0.019622 0.2309933 0.027622 0.2309933 0 P 0
L 0.019622 0.3294294 0.027622 0.3294294 0 P 0
L 0.019622 0.4278655 0.027622 0.4278655 0 P 0
L 0.019622 0.5263016 0.027622 0.5263016 0 P 0
L 0.019622 0.6247377 0.027622 0.6247377 0 P 0
L 0.019622 0.7231738 0.027622 0.7231738 0 P 0
L 0.019622 0.8216099 0.027622 0.8216099 0 P 0
L 0.019622 0.920046 0.027622 0.920046 0 P 0
L 0.019622 1.0184821 0.027622 1.0184821 0 P 0
L 0.019622 1.1169182 0.027622 1.1169182 0 P 0
L 0.019622 1.2153543 0.027622 1.2153543 0 P 0
L 0.019622 1.3137904 0.027622 1.3137904 0 P 0
L 0.019622 2.2637795 0.027622 2.2637795 0 P 0
L 0.019622 2.3622047 0.027622 2.3622047 0 P 0
L 0.019622 2.4606299 0.027622 2.4606299 0 P 0
L 0.019622 2.5590551 0.027622 2.5590551 0 P 0
L 0.019622 2.6574803 0.027622 2.6574803 0 P 0
L 0.019622 2.7559055 0.027622 2.7559055 0 P 0
L 0.019622 2.8543307 0.027622 2.8543307 0 P 0
L 0.019622 2.9527559 0.027622 2.9527559 0 P 0
L 0.023622 0.2269933 0.023622 0.2349933 0 P 0
L 0.023622 0.3254294 0.023622 0.3334294 0 P 0
L 0.023622 0.4238655 0.023622 0.4318655 0 P 0
L 0.023622 0.5223016 0.023622 0.5303016 0 P 0
L 0.023622 0.6207377 0.023622 0.6287377 0 P 0
L 0.023622 0.7191738 0.023622 0.7271738 0 P 0
L 0.023622 0.8176099 0.023622 0.8256099 0 P 0
L 0.023622 0.916046 0.023622 0.924046 0 P 0
L 0.023622 1.0144821 0.023622 1.0224821 0 P 0
L 0.023622 1.1129182 0.023622 1.1209182 0 P 0
L 0.023622 1.2113543 0.023622 1.2193543 0 P 0
L 0.023622 1.3097904 0.023622 1.3177904 0 P 0
L 0.023622 2.2597795 0.023622 2.2677795 0 P 0
L 0.023622 2.3582047 0.023622 2.3662047 0 P 0
L 0.023622 2.4566299 0.023622 2.4646299 0 P 0
L 0.023622 2.5550551 0.023622 2.5630551 0 P 0
L 0.023622 2.6534803 0.023622 2.6614803 0 P 0
L 0.023622 2.7519055 0.023622 2.7599055 0 P 0
L 0.023622 2.8503307 0.023622 2.8583307 0 P 0
L 0.023622 2.9487559 0.023622 2.9567559 0 P 0
L 0.0353701 2.2283465 0.0433701 2.2283465 0 P 0
L 0.0393701 2.2243465 0.0393701 2.2323465 0 P 0
L 0.0393704 0.0925196 0.1456696 0.0925196 0 P 0
L 0.0393704 3.0570876 0.1456696 3.0570876 0 P 0
L 0.0550551 1.3137904 0.0630551 1.3137904 0 P 0
L 0.0590551 1.3097904 0.0590551 1.3177904 0 P 0
L 0.0805038 2.4495232 0.0885038 2.4495232 0 P 0
L 0.0845038 2.4455232 0.0845038 2.4535232 0 P 0
L 0.092 2.6016856 0.1 2.6016856 0 P 0
L 0.09252 0.03937 0.09252 0.1456692 0 P 0
L 0.09252 3.003938 0.09252 3.1102372 0 P 0
L 0.096 2.5976856 0.096 2.6056856 0 P 0
L 0.1293862 2.352 0.1373862 2.352 0 P 0
L 0.1300078 2.4026928 0.1380078 2.4026928 0 P 0
L 0.1333862 2.348 0.1333862 2.356 0 P 0
L 0.1337953 2.2283465 0.1417953 2.2283465 0 P 0
L 0.1340078 2.3986928 0.1340078 2.4066928 0 P 0
L 0.1377953 2.2243465 0.1377953 2.2323465 0 P 0
L 0.1534803 1.3137904 0.1614803 1.3137904 0 P 0
L 0.154 2.8530832 0.162 2.8530832 0 P 0
L 0.1574803 1.3097904 0.1574803 1.3177904 0 P 0
L 0.158 2.8490832 0.158 2.8570832 0 P 0
L 0.1745666 2.352 0.1825666 2.352 0 P 0
L 0.1745666 2.4026928 0.1825666 2.4026928 0 P 0
L 0.1785666 2.348 0.1785666 2.356 0 P 0
L 0.1785666 2.3986928 0.1785666 2.4066928 0 P 0
L 0.2185 3.0570876 0.2265 3.0570876 0 P 0
L 0.2225 3.0530876 0.2225 3.0610876 0 P 0
L 0.2266773 2.352 0.2346773 2.352 0 P 0
L 0.228 0.565 0.236 0.565 0 P 0
L 0.2306773 2.348 0.2306773 2.356 0 P 0
L 0.232 0.561 0.232 0.569 0 P 0
L 0.2322205 2.2283465 0.2402205 2.2283465 0 P 0
L 0.2362205 2.2243465 0.2362205 2.2323465 0 P 0
L 0.2519055 1.3137904 0.2599055 1.3137904 0 P 0
L 0.2524958 2.77958 0.2604958 2.77958 0 P 0
L 0.2559055 1.3097904 0.2559055 1.3177904 0 P 0
L 0.2564958 2.77558 0.2564958 2.78358 0 P 0
L 0.262495 2.7154018 0.270495 2.7154018 0 P 0
L 0.266495 2.7114018 0.266495 2.7194018 0 P 0
L 0.2723159 2.2047244 0.2803159 2.2047244 0 P 0
L 0.2726909 2.1062992 0.2806909 2.1062992 0 P 0
L 0.2730659 2.007874 0.2810659 2.007874 0 P 0
L 0.2734409 1.9094488 0.2814409 1.9094488 0 P 0
L 0.2738159 1.8110236 0.2818159 1.8110236 0 P 0
L 0.2741909 1.7125984 0.2821909 1.7125984 0 P 0
L 0.2745659 1.6141732 0.2825659 1.6141732 0 P 0
L 0.2749409 1.515748 0.2829409 1.515748 0 P 0
L 0.2753159 1.4173228 0.2833159 1.4173228 0 P 0
L 0.2763159 2.2007244 0.2763159 2.2087244 0 P 0
L 0.2766909 2.1022992 0.2766909 2.1102992 0 P 0
L 0.2770659 2.003874 0.2770659 2.011874 0 P 0
L 0.2774409 1.9054488 0.2774409 1.9134488 0 P 0
L 0.2778159 1.8070236 0.2778159 1.8150236 0 P 0
L 0.2781909 1.7085984 0.2781909 1.7165984 0 P 0
L 0.2785659 1.6101732 0.2785659 1.6181732 0 P 0
L 0.2789409 1.511748 0.2789409 1.519748 0 P 0
L 0.2793159 1.4133228 0.2793159 1.4213228 0 P 0
L 0.283 2.5029842 0.291 2.5029842 0 P 0
L 0.287 2.4989842 0.287 2.5069842 0 P 0
L 0.305 2.6839048 0.313 2.6839048 0 P 0
L 0.305001 2.6446859 0.313001 2.6446859 0 P 0
L 0.309 2.6799048 0.309 2.6879048 0 P 0
L 0.309001 2.6406859 0.309001 2.6486859 0 P 0
L 0.3134958 2.8083396 0.3214958 2.8083396 0 P 0
L 0.3134958 2.8693204 0.3214958 2.8693204 0 P 0
L 0.3134958 2.9209996 0.3214958 2.9209996 0 P 0
L 0.31665 2.0741798 0.32465 2.0741798 0 P 0
L 0.3166508 2.5983742 0.3246508 2.5983742 0 P 0
L 0.3174958 2.8043396 0.3174958 2.8123396 0 P 0
L 0.3174958 2.8653204 0.3174958 2.8733204 0 P 0
L 0.3174958 2.9169996 0.3174958 2.9249996 0 P 0
L 0.3177375 1.549 0.3257375 1.549 0 P 0
L 0.32065 2.0701798 0.32065 2.0781798 0 P 0
L 0.3206508 2.5943742 0.3206508 2.6023742 0 P 0
L 0.3217375 1.545 0.3217375 1.553 0 P 0
L 0.327 1.216022 0.335 1.216022 0 P 0
L 0.331 1.212022 0.331 1.220022 0 P 0
L 0.351 2.838 0.359 2.838 0 P 0
L 0.355 2.834 0.355 2.842 0 P 0
L 0.411166 2.5416776 0.419166 2.5416776 0 P 0
L 0.411166 2.5771096 0.419166 2.5771096 0 P 0
L 0.411166 2.6125436 0.419166 2.6125436 0 P 0
L 0.415166 2.5376776 0.415166 2.5456776 0 P 0
L 0.415166 2.5731096 0.415166 2.5811096 0 P 0
L 0.415166 2.6085436 0.415166 2.6165436 0 P 0
L 0.423 0.585 0.431 0.585 0 P 0
L 0.427 0.581 0.427 0.589 0 P 0
L 0.427 1.068 0.435 1.068 0 P 0
L 0.431 1.064 0.431 1.072 0 P 0
L 0.4394722 0.7485116 0.4474722 0.7485116 0 P 0
L 0.4434722 0.7445116 0.4434722 0.7525116 0 P 0
L 0.450536 2.5416776 0.458536 2.5416776 0 P 0
L 0.450536 2.5771096 0.458536 2.5771096 0 P 0
L 0.450536 2.6125436 0.458536 2.6125436 0 P 0
L 0.454536 2.5376776 0.454536 2.5456776 0 P 0
L 0.454536 2.5731096 0.454536 2.5811096 0 P 0
L 0.454536 2.6085436 0.454536 2.6165436 0 P 0
L 0.465402 2.9202167 0.473402 2.9202167 0 P 0
L 0.469402 2.9162167 0.469402 2.9242167 0 P 0
L 0.4701266 1.4196428 0.4781266 1.4196428 0 P 0
L 0.4741266 1.4156428 0.4741266 1.4236428 0 P 0
L 0.5025977 2.815139 0.5105977 2.815139 0 P 0
L 0.505626 2.9188039 0.513626 2.9188039 0 P 0
L 0.5065977 2.811139 0.5065977 2.819139 0 P 0
L 0.5085982 0.274 0.5165982 0.274 0 P 0
L 0.509626 2.9148039 0.509626 2.9228039 0 P 0
L 0.5125982 0.27 0.5125982 0.278 0 P 0
L 0.5261336 2.6316214 0.5341336 2.6316214 0 P 0
L 0.5301336 2.6276214 0.5301336 2.6356214 0 P 0
L 0.5325982 0.6275358 0.5405982 0.6275358 0 P 0
L 0.534 2.5673303 0.542 2.5673303 0 P 0
L 0.5344523 2.5244828 0.5424523 2.5244828 0 P 0
L 0.5365982 0.6235358 0.5365982 0.6315358 0 P 0
L 0.538 2.5633303 0.538 2.5713303 0 P 0
L 0.5384523 2.5204828 0.5384523 2.5284828 0 P 0
L 0.55763 2.9209996 0.56563 2.9209996 0 P 0
L 0.56 0.421 0.568 0.421 0 P 0
L 0.56163 2.9169996 0.56163 2.9249996 0 P 0
L 0.564 0.417 0.564 0.425 0 P 0
L 0.5759998 2.7948896 0.5839998 2.7948896 0 P 0
L 0.5770421 1.339 0.5850421 1.339 0 P 0
L 0.5799998 2.7908896 0.5799998 2.7988896 0 P 0
L 0.5809998 0.7485116 0.5889998 0.7485116 0 P 0
L 0.5810421 1.335 0.5810421 1.343 0 P 0
L 0.5849998 0.7445116 0.5849998 0.7525116 0 P 0
L 0.5891256 2.6655036 0.5971256 2.6655036 0 P 0
L 0.5931256 2.6615036 0.5931256 2.6695036 0 P 0
L 0.6309752 1.7268736 0.6389752 1.7268736 0 P 0
L 0.6349752 1.7228736 0.6349752 1.7308736 0 P 0
L 0.639679 2.2760008 0.647679 2.2760008 0 P 0
L 0.643679 2.2720008 0.643679 2.2800008 0 P 0
L 0.6473572 1.339 0.6553572 1.339 0 P 0
L 0.647358 2.075 0.655358 2.075 0 P 0
L 0.6486736 2.7412436 0.6566736 2.7412436 0 P 0
L 0.6513572 1.335 0.6513572 1.343 0 P 0
L 0.651358 2.071 0.651358 2.079 0 P 0
L 0.6526736 2.7372436 0.6526736 2.7452436 0 P 0
L 0.653 3.063 0.661 3.063 0 P 0
L 0.657 3.059 0.657 3.067 0 P 0
L 0.674 2.634 0.682 2.634 0 P 0
L 0.678 2.63 0.678 2.638 0 P 0
L 0.6943338 2.075 0.7023338 2.075 0 P 0
L 0.694602 1.4672682 0.702602 1.4672682 0 P 0
L 0.6983338 2.071 0.6983338 2.079 0 P 0
L 0.698602 1.4632682 0.698602 1.4712682 0 P 0
L 0.6995032 2.634 0.7075032 2.634 0 P 0
L 0.6995032 2.8667107 0.7075032 2.8667107 0 P 0
L 0.7035032 2.63 0.7035032 2.638 0 P 0
L 0.7035032 2.8627107 0.7035032 2.8707107 0 P 0
L 0.7414217 1.4672682 0.7494217 1.4672682 0 P 0
L 0.7414217 2.0763687 0.7494217 2.0763687 0 P 0
L 0.7425042 2.5044065 0.7505042 2.5044065 0 P 0
L 0.7425042 2.7104018 0.7505042 2.7104018 0 P 0
L 0.7454217 1.4632682 0.7454217 1.4712682 0 P 0
L 0.7454217 2.0723687 0.7454217 2.0803687 0 P 0
L 0.7465042 2.5004065 0.7465042 2.5084065 0 P 0
L 0.7465042 2.7064018 0.7465042 2.7144018 0 P 0
L 0.748 0.528 0.756 0.528 0 P 0
L 0.752 0.524 0.752 0.532 0 P 0
L 0.7570902 0.7469996 0.7650902 0.7469996 0 P 0
L 0.7610902 0.7429996 0.7610902 0.7509996 0 P 0
L 0.7796067 1.339 0.7876067 1.339 0 P 0
L 0.7836067 1.335 0.7836067 1.343 0 P 0
L 0.805546 1.06474 0.813546 1.06474 0 P 0
L 0.809546 1.06074 0.809546 1.06874 0 P 0
L 0.812682 2.893 0.820682 2.893 0 P 0
L 0.816682 2.889 0.816682 2.897 0 P 0
L 0.822524 2.6871492 0.830524 2.6871492 0 P 0
L 0.822524 2.7265192 0.830524 2.7265192 0 P 0
L 0.826524 2.6831492 0.826524 2.6911492 0 P 0
L 0.826524 2.7225192 0.826524 2.7305192 0 P 0
L 0.8363342 1.339 0.8443342 1.339 0 P 0
L 0.8403342 1.335 0.8403342 1.343 0 P 0
L 0.84221 2.7068332 0.85021 2.7068332 0 P 0
L 0.84621 2.7028332 0.84621 2.7108332 0 P 0
L 0.855 2.9974016 0.905 2.9974016 0 P 0
L 0.861894 2.4600058 0.869894 2.4600058 0 P 0
L 0.861894 2.6871492 0.869894 2.6871492 0 P 0
L 0.861894 2.7265192 0.869894 2.7265192 0 P 0
L 0.865894 2.4560058 0.865894 2.4640058 0 P 0
L 0.865894 2.6831492 0.865894 2.6911492 0 P 0
L 0.865894 2.7225192 0.865894 2.7305192 0 P 0
L 0.8709992 1.06474 0.8789992 1.06474 0 P 0
L 0.8749992 1.06074 0.8749992 1.06874 0 P 0
L 0.88 2.9724016 0.88 3.0224016 0 P 0
L 0.883578 2.075 0.891578 2.075 0 P 0
L 0.883578 2.4600058 0.891578 2.4600058 0 P 0
L 0.887578 2.071 0.887578 2.079 0 P 0
L 0.887578 2.4560058 0.887578 2.4640058 0 P 0
L 0.8943092 1.2419188 0.9023092 1.2419188 0 P 0
L 0.8983092 1.2379188 0.8983092 1.2459188 0 P 0
L 0.898618 0.7469998 0.906618 0.7469998 0 P 0
L 0.90028 2.6487632 0.90828 2.6487632 0 P 0
L 0.902 1.321 0.91 1.321 0 P 0
L 0.902618 0.7429998 0.902618 0.7509998 0 P 0
L 0.90428 2.6447632 0.90428 2.6527632 0 P 0
L 0.906 1.317 0.906 1.325 0 P 0
L 0.930822 2.0743075 0.938822 2.0743075 0 P 0
L 0.934822 2.0703075 0.934822 2.0783075 0 P 0
L 0.938843 2.5635653 0.946843 2.5635653 0 P 0
L 0.938843 2.5989364 0.946843 2.5989364 0 P 0
L 0.939 2.6871492 0.947 2.6871492 0 P 0
L 0.939 2.7366752 0.947 2.7366752 0 P 0
L 0.942843 2.5595653 0.942843 2.5675653 0 P 0
L 0.942843 2.5949364 0.942843 2.6029364 0 P 0
L 0.943 2.6831492 0.943 2.6911492 0 P 0
L 0.943 2.7326752 0.943 2.7406752 0 P 0
L 0.955 2.9974016 1.005 2.9974016 0 P 0
L 0.967 2.83 0.975 2.83 0 P 0
L 0.971 2.826 0.971 2.834 0 P 0
L 0.9738844 2.2759113 0.9818844 2.2759113 0 P 0
L 0.9778844 2.2719113 0.9778844 2.2799113 0 P 0
L 0.978066 2.0743075 0.986066 2.0743075 0 P 0
L 0.98 2.9724016 0.98 3.0224016 0 P 0
L 0.982066 2.0703075 0.982066 2.0783075 0 P 0
L 1.0250008 0.5760008 1.0330008 0.5760008 0 P 0
L 1.0250008 0.8595278 1.0330008 0.8595278 0 P 0
L 1.0290008 0.5720008 1.0290008 0.5800008 0 P 0
L 1.0290008 0.8555278 1.0290008 0.8635278 0 P 0
L 1.055 2.9974016 1.105 2.9974016 0 P 0
L 1.071129 2.5896433 1.079129 2.5896433 0 P 0
L 1.072556 1.4672682 1.080556 1.4672682 0 P 0
L 1.075129 2.5856433 1.075129 2.5936433 0 P 0
L 1.076556 1.4632682 1.076556 1.4712682 0 P 0
L 1.08 2.9724016 1.08 3.0224016 0 P 0
L 1.1269998 1.8046696 1.1349998 1.8046696 0 P 0
L 1.1269998 2.1753463 1.1349998 2.1753463 0 P 0
L 1.1309998 1.8006696 1.1309998 1.8086696 0 P 0
L 1.1309998 2.1713463 1.1309998 2.1793463 0 P 0
L 1.1352472 1.056 1.1432472 1.056 0 P 0
L 1.1392472 1.052 1.1392472 1.06 0 P 0
L 1.1555272 0.3810008 1.2263932 0.3810008 0 P 0
L 1.167044 2.0741798 1.175044 2.0741798 0 P 0
L 1.171044 2.0701798 1.171044 2.0781798 0 P 0
L 1.1878642 1.355474 1.1958642 1.355474 0 P 0
L 1.1909602 0.3455678 1.1909602 0.4164338 0 P 0
L 1.1918642 1.351474 1.1918642 1.359474 0 P 0
L 1.208 2.47 1.216 2.47 0 P 0
L 1.209 0.873 1.217 0.873 0 P 0
L 1.212 2.466 1.212 2.474 0 P 0
L 1.213 0.869 1.213 0.877 0 P 0
L 1.214288 1.549 1.222288 1.549 0 P 0
L 1.214288 2.0741798 1.222288 2.0741798 0 P 0
L 1.218288 1.545 1.218288 1.553 0 P 0
L 1.218288 2.0701798 1.218288 2.0781798 0 P 0
L 1.2272146 2.2717915 1.2352146 2.2717915 0 P 0
L 1.2272146 2.363362 1.2352146 2.363362 0 P 0
L 1.231 1.1005202 1.239 1.1005202 0 P 0
L 1.231 1.2375264 1.239 1.2375264 0 P 0
L 1.2312146 2.2677915 1.2312146 2.2757915 0 P 0
L 1.2312146 2.359362 1.2312146 2.367362 0 P 0
L 1.235 1.0965202 1.235 1.1045202 0 P 0
L 1.235 1.2335264 1.235 1.2415264 0 P 0
L 1.2539522 0.1054088 1.3011962 0.1054088 0 P 0
L 1.2539522 0.6762748 1.3011962 0.6762748 0 P 0
L 1.2748002 2.162 1.2828002 2.162 0 P 0
L 1.2748002 2.2380674 1.2828002 2.2380674 0 P 0
L 1.2775742 0.0817868 1.2775742 0.1290308 0 P 0
L 1.2775742 0.6526528 1.2775742 0.6998968 0 P 0
L 1.2788002 2.158 1.2788002 2.166 0 P 0
L 1.2788002 2.2340674 1.2788002 2.2420674 0 P 0
L 1.318 2.2717915 1.326 2.2717915 0 P 0
L 1.322 2.2677915 1.322 2.2757915 0 P 0
L 1.3284481 1.58252 1.3364481 1.58252 0 P 0
L 1.3324481 1.57852 1.3324481 1.58652 0 P 0
L 1.3430606 1.4842898 1.3510606 1.4842898 0 P 0
L 1.3470606 1.4802898 1.3470606 1.4882898 0 P 0
L 1.350245 1.7268736 1.358245 1.7268736 0 P 0
L 1.3523782 0.6762748 1.3996222 0.6762748 0 P 0
L 1.354 2.054 1.362 2.054 0 P 0
L 1.354245 1.7228736 1.354245 1.7308736 0 P 0
L 1.358 2.05 1.358 2.058 0 P 0
L 1.3705392 1.4170014 1.3785392 1.4170014 0 P 0
L 1.3745392 1.4130014 1.3745392 1.4210014 0 P 0
L 1.3760002 0.6526528 1.3760002 0.6998968 0 P 0
L 1.388 1.835 1.396 1.835 0 P 0
L 1.392 1.831 1.392 1.839 0 P 0
L 1.415 1.4842906 1.423 1.4842906 0 P 0
L 1.419 1.4802906 1.419 1.4882906 0 P 0
L 1.4508022 0.1054088 1.4980462 0.1054088 0 P 0
L 1.4508022 0.6762748 1.4980462 0.6762748 0 P 0
L 1.4704242 2.2717915 1.4784242 2.2717915 0 P 0
L 1.4744242 0.0817868 1.4744242 0.1290308 0 P 0
L 1.4744242 0.6526528 1.4744242 0.6998968 0 P 0
L 1.4744242 2.2677915 1.4744242 2.2757915 0 P 0
L 1.4956938 1.0564476 1.5036938 1.0564476 0 P 0
L 1.49661 2.9209996 1.50461 2.9209996 0 P 0
L 1.49661 3.0259668 1.50461 3.0259668 0 P 0
L 1.4996938 1.0524476 1.4996938 1.0604476 0 P 0
L 1.50061 2.9169996 1.50061 2.9249996 0 P 0
L 1.50061 3.0219668 1.50061 3.0299668 0 P 0
L 1.519342 2.032576 1.527342 2.032576 0 P 0
L 1.523342 2.028576 1.523342 2.036576 0 P 0
L 1.5256052 0.3810008 1.5964712 0.3810008 0 P 0
L 1.5294952 1.3725048 1.5374952 1.3725048 0 P 0
L 1.5334952 1.3685048 1.5334952 1.3765048 0 P 0
L 1.5342 1.513 1.5598 1.513 0 P 0
L 1.5342 1.563 1.5598 1.563 0 P 0
L 1.54 2.691 1.548 2.691 0 P 0
L 1.544 2.687 1.544 2.695 0 P 0
L 1.547 1.5002 1.547 1.5258 0 P 0
L 1.547 1.5502 1.547 1.5758 0 P 0
L 1.553 2.921 1.561 2.921 0 P 0
L 1.557 2.917 1.557 2.925 0 P 0
L 1.5610382 0.3455678 1.5610382 0.4164338 0 P 0
L 1.5785649 1.2375264 1.5865649 1.2375264 0 P 0
L 1.5825649 1.2335264 1.5825649 1.2415264 0 P 0
L 1.5842 1.513 1.6098 1.513 0 P 0
L 1.5842 1.563 1.6098 1.563 0 P 0
L 1.5944722 1.0985032 1.6024722 1.0985032 0 P 0
L 1.597 1.5002 1.597 1.5258 0 P 0
L 1.597 1.5502 1.597 1.5758 0 P 0
L 1.5984722 1.0945032 1.5984722 1.1025032 0 P 0
L 1.6064112 1.7268736 1.6144112 1.7268736 0 P 0
L 1.6104112 1.7228736 1.6104112 1.7308736 0 P 0
L 1.624 0.29 1.632 0.29 0 P 0
L 1.624 0.517 1.632 0.517 0 P 0
L 1.628 0.286 1.628 0.294 0 P 0
L 1.628 0.513 1.628 0.521 0 P 0
L 1.6342 1.513 1.6598 1.513 0 P 0
L 1.6342 1.563 1.6598 1.563 0 P 0
L 1.636768 3.034018 1.644768 3.034018 0 P 0
L 1.640768 3.030018 1.640768 3.038018 0 P 0
L 1.647 1.5002 1.647 1.5258 0 P 0
L 1.647 1.5502 1.647 1.5758 0 P 0
L 1.6676424 2.8576852 1.6756424 2.8576852 0 P 0
L 1.6716424 2.8536852 1.6716424 2.8616852 0 P 0
L 1.680074 2.9758678 1.688074 2.9758678 0 P 0
L 1.684074 2.9718678 1.684074 2.9798678 0 P 0
L 1.6842 1.513 1.7098 1.513 0 P 0
L 1.6842 1.563 1.7098 1.563 0 P 0
L 1.697 1.5002 1.697 1.5258 0 P 0
L 1.697 1.5502 1.697 1.5758 0 P 0
L 1.72 2.9035048 1.728 2.9035048 0 P 0
L 1.724 2.8995048 1.724 2.9075048 0 P 0
L 1.726 0.587 1.734 0.587 0 P 0
L 1.726 0.842685 1.734 0.842685 0 P 0
L 1.726 1.017 1.734 1.017 0 P 0
L 1.73 0.583 1.73 0.591 0 P 0
L 1.73 0.838685 1.73 0.846685 0 P 0
L 1.73 1.013 1.73 1.021 0 P 0
L 1.7342 1.513 1.7598 1.513 0 P 0
L 1.7342 1.563 1.7598 1.563 0 P 0
L 1.747 1.5002 1.747 1.5258 0 P 0
L 1.747 1.5502 1.747 1.5758 0 P 0
L 1.75069 1.9863924 1.75869 1.9863924 0 P 0
L 1.75069 2.0456986 1.75869 2.0456986 0 P 0
L 1.75469 1.9823924 1.75469 1.9903924 0 P 0
L 1.75469 2.0416986 1.75469 2.0496986 0 P 0
L 1.7635074 2.8576852 1.7715074 2.8576852 0 P 0
L 1.76669 3.008543 1.77469 3.008543 0 P 0
L 1.7675074 2.8536852 1.7675074 2.8616852 0 P 0
L 1.77069 3.004543 1.77069 3.012543 0 P 0
L 1.8038778 1.786478 1.8118778 1.786478 0 P 0
L 1.8078778 1.782478 1.8078778 1.790478 0 P 0
L 1.812 3.036 1.82 3.036 0 P 0
L 1.816 3.032 1.816 3.04 0 P 0
L 1.8380234 0.9273146 1.8460234 0.9273146 0 P 0
L 1.8420234 0.9233146 1.8420234 0.9313146 0 P 0
L 1.853304 3.036 1.861304 3.036 0 P 0
L 1.857304 3.032 1.857304 3.04 0 P 0
L 1.872 0.102 1.88 0.102 0 P 0
L 1.876 0.098 1.876 0.106 0 P 0
L 1.8959986 3.041543 1.9039986 3.041543 0 P 0
L 1.8999986 3.037543 1.8999986 3.045543 0 P 0
L 1.9535898 2.4132026 1.9615898 2.4132026 0 P 0
L 1.9549994 2.472552 1.9629994 2.472552 0 P 0
L 1.9549994 2.9614968 1.9629994 2.9614968 0 P 0
L 1.9575898 2.4092026 1.9575898 2.4172026 0 P 0
L 1.9589994 2.468552 1.9589994 2.476552 0 P 0
L 1.9589994 2.9574968 1.9589994 2.9654968 0 P 0
L 1.9787091 2.335826 1.9867091 2.335826 0 P 0
L 1.9787091 2.3633506 1.9867091 2.3633506 0 P 0
L 1.9787091 2.387006 1.9867091 2.387006 0 P 0
L 1.9827091 2.331826 1.9827091 2.339826 0 P 0
L 1.9827091 2.3593506 1.9827091 2.3673506 0 P 0
L 1.9827091 2.383006 1.9827091 2.391006 0 P 0
L 2.0062473 1.786478 2.0142473 1.786478 0 P 0
L 2.0092073 1.86 2.0172073 1.86 0 P 0
L 2.0102473 1.782478 2.0102473 1.790478 0 P 0
L 2.0132073 1.856 2.0132073 1.864 0 P 0
L 2.053 2.032576 2.061 2.032576 0 P 0
L 2.057 2.028576 2.057 2.036576 0 P 0
L 2.073 2.204999 2.081 2.204999 0 P 0
L 2.077 2.200999 2.077 2.208999 0 P 0
L 2.091 0.423 2.099 0.423 0 P 0
L 2.095 0.419 2.095 0.427 0 P 0
L 2.10863 2.277754 2.11663 2.277754 0 P 0
L 2.10863 2.325 2.11663 2.325 0 P 0
L 2.10863 2.372244 2.11663 2.372244 0 P 0
L 2.10863 2.419488 2.11663 2.419488 0 P 0
L 2.11263 2.273754 2.11263 2.281754 0 P 0
L 2.11263 2.321 2.11263 2.329 0 P 0
L 2.11263 2.368244 2.11263 2.376244 0 P 0
L 2.11263 2.415488 2.11263 2.423488 0 P 0
L 2.12 2.489124 2.128 2.489124 0 P 0
L 2.12 2.5409346 2.128 2.5409346 0 P 0
L 2.12 2.5995056 2.128 2.5995056 0 P 0
L 2.12 2.6515 2.128 2.6515 0 P 0
L 2.124 2.485124 2.124 2.493124 0 P 0
L 2.124 2.5369346 2.124 2.5449346 0 P 0
L 2.124 2.5955056 2.124 2.6035056 0 P 0
L 2.124 2.6475 2.124 2.6555 0 P 0
L 2.148 2.277754 2.156 2.277754 0 P 0
L 2.148 2.325 2.156 2.325 0 P 0
L 2.148 2.372244 2.156 2.372244 0 P 0
L 2.148 2.419488 2.156 2.419488 0 P 0
L 2.152 2.273754 2.152 2.281754 0 P 0
L 2.152 2.321 2.152 2.329 0 P 0
L 2.152 2.368244 2.152 2.376244 0 P 0
L 2.152 2.415488 2.152 2.423488 0 P 0
L 2.17 0.423 2.178 0.423 0 P 0
L 2.174 0.419 2.174 0.427 0 P 0
L 2.1757276 2.5679856 2.1837276 2.5679856 0 P 0
L 2.1797276 2.5639856 2.1797276 2.5719856 0 P 0
L 2.18737 2.277754 2.19537 2.277754 0 P 0
L 2.18737 2.325 2.19537 2.325 0 P 0
L 2.18737 2.372244 2.19537 2.372244 0 P 0
L 2.18737 2.419488 2.19537 2.419488 0 P 0
L 2.19137 2.273754 2.19137 2.281754 0 P 0
L 2.19137 2.321 2.19137 2.329 0 P 0
L 2.19137 2.368244 2.19137 2.376244 0 P 0
L 2.19137 2.415488 2.19137 2.423488 0 P 0
L 2.246172 2.566 2.254172 2.566 0 P 0
L 2.246172 3.0098332 2.254172 3.0098332 0 P 0
L 2.246172 3.0755716 2.254172 3.0755716 0 P 0
L 2.249 2.9405924 2.257 2.9405924 0 P 0
L 2.250172 2.562 2.250172 2.57 0 P 0
L 2.250172 3.0058332 2.250172 3.0138332 0 P 0
L 2.250172 3.0715716 2.250172 3.0795716 0 P 0
L 2.253 2.9365924 2.253 2.9445924 0 P 0
L 2.262172 2.4639206 2.270172 2.4639206 0 P 0
L 2.266172 2.4599206 2.266172 2.4679206 0 P 0
L 2.2962486 2.6870126 2.3042486 2.6870126 0 P 0
L 2.3002486 2.6830126 2.3002486 2.6910126 0 P 0
L 2.3226692 2.259054 2.3306692 2.259054 0 P 0
L 2.324 2.135 2.332 2.135 0 P 0
L 2.3266692 2.255054 2.3266692 2.263054 0 P 0
L 2.327 0.423 2.335 0.423 0 P 0
L 2.3277446 2.6870126 2.3357446 2.6870126 0 P 0
L 2.328 2.131 2.328 2.139 0 P 0
L 2.331 0.419 2.331 0.427 0 P 0
L 2.3317446 2.6830126 2.3317446 2.6910126 0 P 0
L 2.3365226 3.0755716 2.3445226 3.0755716 0 P 0
L 2.3389998 2.9405924 2.3469998 2.9405924 0 P 0
L 2.3389998 3.0098332 2.3469998 3.0098332 0 P 0
L 2.3405226 3.0715716 2.3405226 3.0795716 0 P 0
L 2.3429998 2.9365924 2.3429998 2.9445924 0 P 0
L 2.3429998 3.0058332 2.3429998 3.0138332 0 P 0
L 2.429 2.188 2.437 2.188 0 P 0
L 2.433 2.184 2.433 2.192 0 P 0
L 2.4801331 2.188 2.4881331 2.188 0 P 0
L 2.4841331 2.184 2.4841331 2.192 0 P 0
L 2.52 0.842685 2.528 0.842685 0 P 0
L 2.524 0.838685 2.524 0.846685 0 P 0
L 2.5339992 2.188 2.5419992 2.188 0 P 0
L 2.5379992 2.184 2.5379992 2.192 0 P 0
L 2.5435438 1.7033298 2.5789738 1.7033298 0 P 0
L 2.5612588 1.6856148 2.5612588 1.7210448 0 P 0
L 2.573 2.9405924 2.581 2.9405924 0 P 0
L 2.573 3.073 2.581 3.073 0 P 0
L 2.577 2.9365924 2.577 2.9445924 0 P 0
L 2.577 3.069 2.577 3.077 0 P 0
L 2.597 2.188 2.605 2.188 0 P 0
L 2.601 2.184 2.601 2.192 0 P 0
L 2.62 2.0359998 2.628 2.0359998 0 P 0
L 2.6222858 1.7033298 2.6577158 1.7033298 0 P 0
L 2.624 2.0319998 2.624 2.0399998 0 P 0
L 2.6400008 1.6856148 2.6400008 1.7210448 0 P 0
L 2.7010258 1.7033298 2.7364558 1.7033298 0 P 0
L 2.7187408 1.6856148 2.7187408 1.7210448 0 P 0
L 2.725 0.54 2.733 0.54 0 P 0
L 2.7257628 2.2049998 2.7337628 2.2049998 0 P 0
L 2.729 0.536 2.729 0.544 0 P 0
L 2.7297628 2.2009998 2.7297628 2.2089998 0 P 0
L 2.73 0.382 2.738 0.382 0 P 0
L 2.734 0.378 2.734 0.386 0 P 0
L 2.759 0.218 2.767 0.218 0 P 0
L 2.763 0.214 2.763 0.222 0 P 0
L 2.836 0.148 2.844 0.148 0 P 0
L 2.84 0.144 2.84 0.152 0 P 0
L 2.856 2.2319754 2.864 2.2319754 0 P 0
L 2.86 2.2279754 2.86 2.2359754 0 P 0
L 2.9234798 2.4233892 2.9314798 2.4233892 0 P 0
L 2.9274798 2.4193892 2.9274798 2.4273892 0 P 0
L 2.9766158 1.2702598 3.0120458 1.2702598 0 P 0
L 2.9766158 1.3489998 3.0120458 1.3489998 0 P 0
L 2.9766158 1.4277398 3.0120458 1.4277398 0 P 0
L 2.9943308 1.2525448 2.9943308 1.2879748 0 P 0
L 2.9943308 1.3312848 2.9943308 1.3667148 0 P 0
L 2.9943308 1.4100248 2.9943308 1.4454548 0 P 0
L 3.0039364 0.0925196 3.1102356 0.0925196 0 P 0
L 3.0039364 3.0570876 3.1102356 3.0570876 0 P 0
L 3.057086 0.03937 3.057086 0.1456692 0 P 0
L 3.057086 3.003938 3.057086 3.1102372 0 P 0
L 3.062 2.0359998 3.07 2.0359998 0 P 0
L 3.066 2.0319998 3.066 2.0399998 0 P 0
